0.000000 1.000000 0.000000 0.000000
0.200000 1.000000 0.200000 0.200000
0.400000 1.000000 0.400000 0.400000
0.600000 1.000000 0.600000 0.600000
0.800000 1.000000 0.800000 0.800000
1.000000 1.000000 1.000000 1.000000
1.200000 1.000000 1.200000 1.200000
1.400000 1.000000 1.400000 1.400000
1.600000 1.000000 1.600000 1.600000
1.800000 1.000000 1.800000 1.800000
2.000000 1.000000 2.000000 2.000000
2.200000 1.000000 2.200000 2.200000
2.400000 1.000000 2.400000 2.400000
2.600000 1.000000 2.600000 2.600000
2.800000 1.000000 2.800000 2.800000
3.000000 1.000000 3.000000 3.000000
3.200000 1.000000 3.200000 3.200000
3.400000 1.000000 3.400000 3.400000
3.600000 1.000000 3.600000 3.600000
3.800000 1.000000 3.800000 3.800000
4.000000 1.000000 4.000000 4.000000
4.200000 1.000000 4.200000 4.200000
4.400000 1.000000 4.400000 4.400000
4.600000 1.000000 4.600000 4.600000
4.800000 1.000000 4.800000 4.800000
5.000000 1.000000 5.000000 5.000000
5.200000 1.000000 5.200000 5.200000
5.400000 1.000000 5.400000 5.400000
5.600000 1.000000 5.600000 5.600000
5.800000 1.000000 5.800000 5.800000
6.000000 1.000000 6.000000 6.000000
6.200000 1.000000 6.200000 6.200000
6.400000 1.000000 6.400000 6.400000
6.600000 1.000000 6.600000 6.600000
6.800000 1.000000 6.800000 6.800000
7.000000 1.000000 7.000000 7.000000
7.200000 1.000000 7.200000 7.200000
7.400000 1.000000 7.400000 7.400000
7.600000 1.000000 7.600000 7.600000
7.800000 1.000000 7.800000 7.800000
8.000000 1.000000 8.000000 8.000000
8.200000 1.000000 8.200000 8.200000
8.400000 1.000000 8.400000 8.400000
8.600000 1.000000 8.600000 8.600000
8.800000 1.000000 8.800000 8.800000
9.000000 1.000000 9.000000 9.000000
9.200000 1.000000 9.200000 9.200000
9.400000 1.000000 9.400000 9.400000
9.600000 1.000000 9.600000 9.600000
9.800000 1.000000 9.800000 9.800000
10.000000 1.000000 10.000000 10.000000
0.000000 1.005000 0.000000 0.000000
0.200000 1.005000 0.200000 0.201000
0.400000 1.005000 0.400000 0.402000
0.600000 1.005000 0.600000 0.603000
0.800000 1.005000 0.800000 0.804000
1.000000 1.005000 1.000000 1.005000
1.200000 1.005000 1.200000 1.206000
1.400000 1.005000 1.400000 1.407000
1.600000 1.005000 1.600000 1.608000
1.800000 1.005000 1.800000 1.809000
2.000000 1.005000 2.000000 2.010000
2.200000 1.005000 2.200000 2.211000
2.400000 1.005000 2.400000 2.412000
2.600000 1.005000 2.600000 2.613000
2.800000 1.005000 2.800000 2.814000
3.000000 1.005000 3.000000 3.015000
3.200000 1.005000 3.200000 3.216000
3.400000 1.005000 3.400000 3.417000
3.600000 1.005000 3.600000 3.618000
3.800000 1.005000 3.800000 3.819000
4.000000 1.005000 4.000000 4.020000
4.200000 1.005000 4.200000 4.221000
4.400000 1.005000 4.400000 4.422000
4.600000 1.005000 4.600000 4.623000
4.800000 1.005000 4.800000 4.824000
5.000000 1.005000 5.000000 5.025000
5.200000 1.005000 5.200000 5.226000
5.400000 1.005000 5.400000 5.427000
5.600000 1.005000 5.600000 5.628000
5.800000 1.005000 5.800000 5.829000
6.000000 1.005000 6.000000 6.030000
6.200000 1.005000 6.200000 6.231000
6.400000 1.005000 6.400000 6.432000
6.600000 1.005000 6.600000 6.633000
6.800000 1.005000 6.800000 6.834000
7.000000 1.005000 7.000000 7.035000
7.200000 1.005000 7.200000 7.236000
7.400000 1.005000 7.400000 7.437000
7.600000 1.005000 7.600000 7.638000
7.800000 1.005000 7.800000 7.839000
8.000000 1.005000 8.000000 8.040000
8.200000 1.005000 8.200000 8.241000
8.400000 1.005000 8.400000 8.442000
8.600000 1.005000 8.600000 8.643000
8.800000 1.005000 8.800000 8.844000
9.000000 1.005000 9.000000 9.045000
9.200000 1.005000 9.200000 9.246000
9.400000 1.005000 9.400000 9.447000
9.600000 1.005000 9.600000 9.648000
9.800000 1.005000 9.800000 9.849000
10.000000 1.005000 10.000000 10.050000
0.000000 1.010000 0.000000 0.000000
0.200000 1.010000 0.200000 0.202000
0.400000 1.010000 0.400000 0.404000
0.600000 1.010000 0.600000 0.606000
0.800000 1.010000 0.800000 0.808000
1.000000 1.010000 1.000000 1.010000
1.200000 1.010000 1.200000 1.212000
1.400000 1.010000 1.400000 1.414000
1.600000 1.010000 1.600000 1.616000
1.800000 1.010000 1.800000 1.818000
2.000000 1.010000 2.000000 2.020000
2.200000 1.010000 2.200000 2.222000
2.400000 1.010000 2.400000 2.424000
2.600000 1.010000 2.600000 2.626000
2.800000 1.010000 2.800000 2.828000
3.000000 1.010000 3.000000 3.030000
3.200000 1.010000 3.200000 3.232000
3.400000 1.010000 3.400000 3.434000
3.600000 1.010000 3.600000 3.636000
3.800000 1.010000 3.800000 3.838000
4.000000 1.010000 4.000000 4.040000
4.200000 1.010000 4.200000 4.242000
4.400000 1.010000 4.400000 4.444000
4.600000 1.010000 4.600000 4.646000
4.800000 1.010000 4.800000 4.848000
5.000000 1.010000 5.000000 5.050000
5.200000 1.010000 5.200000 5.252000
5.400000 1.010000 5.400000 5.454000
5.600000 1.010000 5.600000 5.656000
5.800000 1.010000 5.800000 5.858000
6.000000 1.010000 6.000000 6.060000
6.200000 1.010000 6.200000 6.262000
6.400000 1.010000 6.400000 6.464000
6.600000 1.010000 6.600000 6.666000
6.800000 1.010000 6.800000 6.868000
7.000000 1.010000 7.000000 7.070000
7.200000 1.010000 7.200000 7.272000
7.400000 1.010000 7.400000 7.474000
7.600000 1.010000 7.600000 7.676000
7.800000 1.010000 7.800000 7.878000
8.000000 1.010000 8.000000 8.080000
8.200000 1.010000 8.200000 8.282000
8.400000 1.010000 8.400000 8.484000
8.600000 1.010000 8.600000 8.686000
8.800000 1.010000 8.800000 8.888000
9.000000 1.010000 9.000000 9.090000
9.200000 1.010000 9.200000 9.292000
9.400000 1.010000 9.400000 9.494000
9.600000 1.010000 9.600000 9.696000
9.800000 1.010000 9.800000 9.898000
10.000000 1.010000 10.000000 10.100000
0.000000 1.015000 0.000000 0.000000
0.200000 1.015000 0.200000 0.203000
0.400000 1.015000 0.400000 0.406000
0.600000 1.015000 0.600000 0.609000
0.800000 1.015000 0.800000 0.812000
1.000000 1.015000 1.000000 1.015000
1.200000 1.015000 1.200000 1.218000
1.400000 1.015000 1.400000 1.421000
1.600000 1.015000 1.600000 1.624000
1.800000 1.015000 1.800000 1.827000
2.000000 1.015000 2.000000 2.030000
2.200000 1.015000 2.200000 2.233000
2.400000 1.015000 2.400000 2.436000
2.600000 1.015000 2.600000 2.639000
2.800000 1.015000 2.800000 2.842000
3.000000 1.015000 3.000000 3.045000
3.200000 1.015000 3.200000 3.248000
3.400000 1.015000 3.400000 3.451000
3.600000 1.015000 3.600000 3.654000
3.800000 1.015000 3.800000 3.857000
4.000000 1.015000 4.000000 4.060000
4.200000 1.015000 4.200000 4.263000
4.400000 1.015000 4.400000 4.466000
4.600000 1.015000 4.600000 4.669000
4.800000 1.015000 4.800000 4.872000
5.000000 1.015000 5.000000 5.075000
5.200000 1.015000 5.200000 5.278000
5.400000 1.015000 5.400000 5.481000
5.600000 1.015000 5.600000 5.684000
5.800000 1.015000 5.800000 5.887000
6.000000 1.015000 6.000000 6.090000
6.200000 1.015000 6.200000 6.293000
6.400000 1.015000 6.400000 6.496000
6.600000 1.015000 6.600000 6.699000
6.800000 1.015000 6.800000 6.902000
7.000000 1.015000 7.000000 7.105000
7.200000 1.015000 7.200000 7.308000
7.400000 1.015000 7.400000 7.511000
7.600000 1.015000 7.600000 7.714000
7.800000 1.015000 7.800000 7.917000
8.000000 1.015000 8.000000 8.120000
8.200000 1.015000 8.200000 8.323000
8.400000 1.015000 8.400000 8.526000
8.600000 1.015000 8.600000 8.729000
8.800000 1.015000 8.800000 8.932000
9.000000 1.015000 9.000000 9.135000
9.200000 1.015000 9.200000 9.338000
9.400000 1.015000 9.400000 9.541000
9.600000 1.015000 9.600000 9.744000
9.800000 1.015000 9.800000 9.947000
10.000000 1.015000 10.000000 10.150000
0.000000 1.020000 0.000000 0.000000
0.200000 1.020000 0.200000 0.204000
0.400000 1.020000 0.400000 0.408000
0.600000 1.020000 0.600000 0.612000
0.800000 1.020000 0.800000 0.816000
1.000000 1.020000 1.000000 1.020000
1.200000 1.020000 1.200000 1.224000
1.400000 1.020000 1.400000 1.428000
1.600000 1.020000 1.600000 1.632000
1.800000 1.020000 1.800000 1.836000
2.000000 1.020000 2.000000 2.040000
2.200000 1.020000 2.200000 2.244000
2.400000 1.020000 2.400000 2.448000
2.600000 1.020000 2.600000 2.652000
2.800000 1.020000 2.800000 2.856000
3.000000 1.020000 3.000000 3.060000
3.200000 1.020000 3.200000 3.264000
3.400000 1.020000 3.400000 3.468000
3.600000 1.020000 3.600000 3.672000
3.800000 1.020000 3.800000 3.876000
4.000000 1.020000 4.000000 4.080000
4.200000 1.020000 4.200000 4.284000
4.400000 1.020000 4.400000 4.488000
4.600000 1.020000 4.600000 4.692000
4.800000 1.020000 4.800000 4.896000
5.000000 1.020000 5.000000 5.100000
5.200000 1.020000 5.200000 5.304000
5.400000 1.020000 5.400000 5.508000
5.600000 1.020000 5.600000 5.712000
5.800000 1.020000 5.800000 5.916000
6.000000 1.020000 6.000000 6.120000
6.200000 1.020000 6.200000 6.324000
6.400000 1.020000 6.400000 6.528000
6.600000 1.020000 6.600000 6.732000
6.800000 1.020000 6.800000 6.936000
7.000000 1.020000 7.000000 7.140000
7.200000 1.020000 7.200000 7.344000
7.400000 1.020000 7.400000 7.548000
7.600000 1.020000 7.600000 7.752000
7.800000 1.020000 7.800000 7.956000
8.000000 1.020000 8.000000 8.160000
8.200000 1.020000 8.200000 8.364000
8.400000 1.020000 8.400000 8.568000
8.600000 1.020000 8.600000 8.772000
8.800000 1.020000 8.800000 8.976000
9.000000 1.020000 9.000000 9.180000
9.200000 1.020000 9.200000 9.384000
9.400000 1.020000 9.400000 9.588000
9.600000 1.020000 9.600000 9.792000
9.800000 1.020000 9.800000 9.996000
10.000000 1.020000 10.000000 10.200000
0.000000 1.025000 0.000000 0.000000
0.200000 1.025000 0.200000 0.205000
0.400000 1.025000 0.400000 0.410000
0.600000 1.025000 0.600000 0.615000
0.800000 1.025000 0.800000 0.820000
1.000000 1.025000 1.000000 1.025000
1.200000 1.025000 1.200000 1.230000
1.400000 1.025000 1.400000 1.435000
1.600000 1.025000 1.600000 1.640000
1.800000 1.025000 1.800000 1.845000
2.000000 1.025000 2.000000 2.050000
2.200000 1.025000 2.200000 2.255000
2.400000 1.025000 2.400000 2.460000
2.600000 1.025000 2.600000 2.665000
2.800000 1.025000 2.800000 2.870000
3.000000 1.025000 3.000000 3.075000
3.200000 1.025000 3.200000 3.280000
3.400000 1.025000 3.400000 3.485000
3.600000 1.025000 3.600000 3.690000
3.800000 1.025000 3.800000 3.895000
4.000000 1.025000 4.000000 4.100000
4.200000 1.025000 4.200000 4.305000
4.400000 1.025000 4.400000 4.510000
4.600000 1.025000 4.600000 4.715000
4.800000 1.025000 4.800000 4.920000
5.000000 1.025000 5.000000 5.125000
5.200000 1.025000 5.200000 5.330000
5.400000 1.025000 5.400000 5.535000
5.600000 1.025000 5.600000 5.740000
5.800000 1.025000 5.800000 5.945000
6.000000 1.025000 6.000000 6.150000
6.200000 1.025000 6.200000 6.355000
6.400000 1.025000 6.400000 6.560000
6.600000 1.025000 6.600000 6.765000
6.800000 1.025000 6.800000 6.970000
7.000000 1.025000 7.000000 7.175000
7.200000 1.025000 7.200000 7.380000
7.400000 1.025000 7.400000 7.585000
7.600000 1.025000 7.600000 7.790000
7.800000 1.025000 7.800000 7.995000
8.000000 1.025000 8.000000 8.200000
8.200000 1.025000 8.200000 8.405000
8.400000 1.025000 8.400000 8.610000
8.600000 1.025000 8.600000 8.815000
8.800000 1.025000 8.800000 9.020000
9.000000 1.025000 9.000000 9.225000
9.200000 1.025000 9.200000 9.430000
9.400000 1.025000 9.400000 9.635000
9.600000 1.025000 9.600000 9.840000
9.800000 1.025000 9.800000 10.045000
10.000000 1.025000 10.000000 10.250000
0.000000 1.030000 0.000000 0.000000
0.200000 1.030000 0.200000 0.206000
0.400000 1.030000 0.400000 0.412000
0.600000 1.030000 0.600000 0.618000
0.800000 1.030000 0.800000 0.824000
1.000000 1.030000 1.000000 1.030000
1.200000 1.030000 1.200000 1.236000
1.400000 1.030000 1.400000 1.442000
1.600000 1.030000 1.600000 1.648000
1.800000 1.030000 1.800000 1.854000
2.000000 1.030000 2.000000 2.060000
2.200000 1.030000 2.200000 2.266000
2.400000 1.030000 2.400000 2.472000
2.600000 1.030000 2.600000 2.678000
2.800000 1.030000 2.800000 2.884000
3.000000 1.030000 3.000000 3.090000
3.200000 1.030000 3.200000 3.296000
3.400000 1.030000 3.400000 3.502000
3.600000 1.030000 3.600000 3.708000
3.800000 1.030000 3.800000 3.914000
4.000000 1.030000 4.000000 4.120000
4.200000 1.030000 4.200000 4.326000
4.400000 1.030000 4.400000 4.532000
4.600000 1.030000 4.600000 4.738000
4.800000 1.030000 4.800000 4.944000
5.000000 1.030000 5.000000 5.150000
5.200000 1.030000 5.200000 5.356000
5.400000 1.030000 5.400000 5.562000
5.600000 1.030000 5.600000 5.768000
5.800000 1.030000 5.800000 5.974000
6.000000 1.030000 6.000000 6.180000
6.200000 1.030000 6.200000 6.386000
6.400000 1.030000 6.400000 6.592000
6.600000 1.030000 6.600000 6.798000
6.800000 1.030000 6.800000 7.004000
7.000000 1.030000 7.000000 7.210000
7.200000 1.030000 7.200000 7.416000
7.400000 1.030000 7.400000 7.622000
7.600000 1.030000 7.600000 7.828000
7.800000 1.030000 7.800000 8.034000
8.000000 1.030000 8.000000 8.240000
8.200000 1.030000 8.200000 8.446000
8.400000 1.030000 8.400000 8.652000
8.600000 1.030000 8.600000 8.858000
8.800000 1.030000 8.800000 9.064000
9.000000 1.030000 9.000000 9.270000
9.200000 1.030000 9.200000 9.476000
9.400000 1.030000 9.400000 9.682000
9.600000 1.030000 9.600000 9.888000
9.800000 1.030000 9.800000 10.094000
10.000000 1.030000 10.000000 10.300000
0.000000 1.035000 0.000000 0.000000
0.200000 1.035000 0.200000 0.207000
0.400000 1.035000 0.400000 0.414000
0.600000 1.035000 0.600000 0.621000
0.800000 1.035000 0.800000 0.828000
1.000000 1.035000 1.000000 1.035000
1.200000 1.035000 1.200000 1.242000
1.400000 1.035000 1.400000 1.449000
1.600000 1.035000 1.600000 1.656000
1.800000 1.035000 1.800000 1.863000
2.000000 1.035000 2.000000 2.070000
2.200000 1.035000 2.200000 2.277000
2.400000 1.035000 2.400000 2.484000
2.600000 1.035000 2.600000 2.691000
2.800000 1.035000 2.800000 2.898000
3.000000 1.035000 3.000000 3.105000
3.200000 1.035000 3.200000 3.312000
3.400000 1.035000 3.400000 3.519000
3.600000 1.035000 3.600000 3.726000
3.800000 1.035000 3.800000 3.933000
4.000000 1.035000 4.000000 4.140000
4.200000 1.035000 4.200000 4.347000
4.400000 1.035000 4.400000 4.554000
4.600000 1.035000 4.600000 4.761000
4.800000 1.035000 4.800000 4.968000
5.000000 1.035000 5.000000 5.175000
5.200000 1.035000 5.200000 5.382000
5.400000 1.035000 5.400000 5.589000
5.600000 1.035000 5.600000 5.796000
5.800000 1.035000 5.800000 6.003000
6.000000 1.035000 6.000000 6.210000
6.200000 1.035000 6.200000 6.417000
6.400000 1.035000 6.400000 6.624000
6.600000 1.035000 6.600000 6.831000
6.800000 1.035000 6.800000 7.038000
7.000000 1.035000 7.000000 7.245000
7.200000 1.035000 7.200000 7.452000
7.400000 1.035000 7.400000 7.659000
7.600000 1.035000 7.600000 7.866000
7.800000 1.035000 7.800000 8.073000
8.000000 1.035000 8.000000 8.280000
8.200000 1.035000 8.200000 8.487000
8.400000 1.035000 8.400000 8.694000
8.600000 1.035000 8.600000 8.901000
8.800000 1.035000 8.800000 9.108000
9.000000 1.035000 9.000000 9.315000
9.200000 1.035000 9.200000 9.522000
9.400000 1.035000 9.400000 9.729000
9.600000 1.035000 9.600000 9.936000
9.800000 1.035000 9.800000 10.143000
10.000000 1.035000 10.000000 10.350000
0.000000 1.040000 0.000000 0.000000
0.200000 1.040000 0.200000 0.208000
0.400000 1.040000 0.400000 0.416000
0.600000 1.040000 0.600000 0.624000
0.800000 1.040000 0.800000 0.832000
1.000000 1.040000 1.000000 1.040000
1.200000 1.040000 1.200000 1.248000
1.400000 1.040000 1.400000 1.456000
1.600000 1.040000 1.600000 1.664000
1.800000 1.040000 1.800000 1.872000
2.000000 1.040000 2.000000 2.080000
2.200000 1.040000 2.200000 2.288000
2.400000 1.040000 2.400000 2.496000
2.600000 1.040000 2.600000 2.704000
2.800000 1.040000 2.800000 2.912000
3.000000 1.040000 3.000000 3.120000
3.200000 1.040000 3.200000 3.328000
3.400000 1.040000 3.400000 3.536000
3.600000 1.040000 3.600000 3.744000
3.800000 1.040000 3.800000 3.952000
4.000000 1.040000 4.000000 4.160000
4.200000 1.040000 4.200000 4.368000
4.400000 1.040000 4.400000 4.576000
4.600000 1.040000 4.600000 4.784000
4.800000 1.040000 4.800000 4.992000
5.000000 1.040000 5.000000 5.200000
5.200000 1.040000 5.200000 5.408000
5.400000 1.040000 5.400000 5.616000
5.600000 1.040000 5.600000 5.824000
5.800000 1.040000 5.800000 6.032000
6.000000 1.040000 6.000000 6.240000
6.200000 1.040000 6.200000 6.448000
6.400000 1.040000 6.400000 6.656000
6.600000 1.040000 6.600000 6.864000
6.800000 1.040000 6.800000 7.072000
7.000000 1.040000 7.000000 7.280000
7.200000 1.040000 7.200000 7.488000
7.400000 1.040000 7.400000 7.696000
7.600000 1.040000 7.600000 7.904000
7.800000 1.040000 7.800000 8.112000
8.000000 1.040000 8.000000 8.320000
8.200000 1.040000 8.200000 8.528000
8.400000 1.040000 8.400000 8.736000
8.600000 1.040000 8.600000 8.944000
8.800000 1.040000 8.800000 9.152000
9.000000 1.040000 9.000000 9.360000
9.200000 1.040000 9.200000 9.568000
9.400000 1.040000 9.400000 9.776000
9.600000 1.040000 9.600000 9.984000
9.800000 1.040000 9.800000 10.192000
10.000000 1.040000 10.000000 10.400000
0.000000 1.045000 0.000000 0.000000
0.200000 1.045000 0.200000 0.209000
0.400000 1.045000 0.400000 0.418000
0.600000 1.045000 0.600000 0.627000
0.800000 1.045000 0.800000 0.836000
1.000000 1.045000 1.000000 1.045000
1.200000 1.045000 1.200000 1.254000
1.400000 1.045000 1.400000 1.463000
1.600000 1.045000 1.600000 1.672000
1.800000 1.045000 1.800000 1.881000
2.000000 1.045000 2.000000 2.090000
2.200000 1.045000 2.200000 2.299000
2.400000 1.045000 2.400000 2.508000
2.600000 1.045000 2.600000 2.717000
2.800000 1.045000 2.800000 2.926000
3.000000 1.045000 3.000000 3.135000
3.200000 1.045000 3.200000 3.344000
3.400000 1.045000 3.400000 3.553000
3.600000 1.045000 3.600000 3.762000
3.800000 1.045000 3.800000 3.971000
4.000000 1.045000 4.000000 4.180000
4.200000 1.045000 4.200000 4.389000
4.400000 1.045000 4.400000 4.598000
4.600000 1.045000 4.600000 4.807000
4.800000 1.045000 4.800000 5.016000
5.000000 1.045000 5.000000 5.225000
5.200000 1.045000 5.200000 5.434000
5.400000 1.045000 5.400000 5.643000
5.600000 1.045000 5.600000 5.852000
5.800000 1.045000 5.800000 6.061000
6.000000 1.045000 6.000000 6.270000
6.200000 1.045000 6.200000 6.479000
6.400000 1.045000 6.400000 6.688000
6.600000 1.045000 6.600000 6.897000
6.800000 1.045000 6.800000 7.106000
7.000000 1.045000 7.000000 7.315000
7.200000 1.045000 7.200000 7.524000
7.400000 1.045000 7.400000 7.733000
7.600000 1.045000 7.600000 7.942000
7.800000 1.045000 7.800000 8.151000
8.000000 1.045000 8.000000 8.360000
8.200000 1.045000 8.200000 8.569000
8.400000 1.045000 8.400000 8.778000
8.600000 1.045000 8.600000 8.987000
8.800000 1.045000 8.800000 9.196000
9.000000 1.045000 9.000000 9.405000
9.200000 1.045000 9.200000 9.614000
9.400000 1.045000 9.400000 9.823000
9.600000 1.045000 9.600000 10.032000
9.800000 1.045000 9.800000 10.241000
10.000000 1.045000 10.000000 10.450000
0.000000 1.050000 0.000000 0.000000
0.200000 1.050000 0.200000 0.210000
0.400000 1.050000 0.400000 0.420000
0.600000 1.050000 0.600000 0.630000
0.800000 1.050000 0.800000 0.840000
1.000000 1.050000 1.000000 1.050000
1.200000 1.050000 1.200000 1.260000
1.400000 1.050000 1.400000 1.470000
1.600000 1.050000 1.600000 1.680000
1.800000 1.050000 1.800000 1.890000
2.000000 1.050000 2.000000 2.100000
2.200000 1.050000 2.200000 2.310000
2.400000 1.050000 2.400000 2.520000
2.600000 1.050000 2.600000 2.730000
2.800000 1.050000 2.800000 2.940000
3.000000 1.050000 3.000000 3.150000
3.200000 1.050000 3.200000 3.360000
3.400000 1.050000 3.400000 3.570000
3.600000 1.050000 3.600000 3.780000
3.800000 1.050000 3.800000 3.990000
4.000000 1.050000 4.000000 4.200000
4.200000 1.050000 4.200000 4.410000
4.400000 1.050000 4.400000 4.620000
4.600000 1.050000 4.600000 4.830000
4.800000 1.050000 4.800000 5.040000
5.000000 1.050000 5.000000 5.250000
5.200000 1.050000 5.200000 5.460000
5.400000 1.050000 5.400000 5.670000
5.600000 1.050000 5.600000 5.880000
5.800000 1.050000 5.800000 6.090000
6.000000 1.050000 6.000000 6.300000
6.200000 1.050000 6.200000 6.510000
6.400000 1.050000 6.400000 6.720000
6.600000 1.050000 6.600000 6.930000
6.800000 1.050000 6.800000 7.140000
7.000000 1.050000 7.000000 7.350000
7.200000 1.050000 7.200000 7.560000
7.400000 1.050000 7.400000 7.770000
7.600000 1.050000 7.600000 7.980000
7.800000 1.050000 7.800000 8.190000
8.000000 1.050000 8.000000 8.400000
8.200000 1.050000 8.200000 8.610000
8.400000 1.050000 8.400000 8.820000
8.600000 1.050000 8.600000 9.030000
8.800000 1.050000 8.800000 9.240000
9.000000 1.050000 9.000000 9.450000
9.200000 1.050000 9.200000 9.660000
9.400000 1.050000 9.400000 9.870000
9.600000 1.050000 9.600000 10.080000
9.800000 1.050000 9.800000 10.290000
10.000000 1.050000 10.000000 10.500000
0.000000 1.055000 0.000000 0.000000
0.200000 1.055000 0.200000 0.211000
0.400000 1.055000 0.400000 0.422000
0.600000 1.055000 0.600000 0.633000
0.800000 1.055000 0.800000 0.844000
1.000000 1.055000 1.000000 1.055000
1.200000 1.055000 1.200000 1.266000
1.400000 1.055000 1.400000 1.477000
1.600000 1.055000 1.600000 1.688000
1.800000 1.055000 1.800000 1.899000
2.000000 1.055000 2.000000 2.110000
2.200000 1.055000 2.200000 2.321000
2.400000 1.055000 2.400000 2.532000
2.600000 1.055000 2.600000 2.743000
2.800000 1.055000 2.800000 2.954000
3.000000 1.055000 3.000000 3.165000
3.200000 1.055000 3.200000 3.376000
3.400000 1.055000 3.400000 3.587000
3.600000 1.055000 3.600000 3.798000
3.800000 1.055000 3.800000 4.009000
4.000000 1.055000 4.000000 4.220000
4.200000 1.055000 4.200000 4.431000
4.400000 1.055000 4.400000 4.642000
4.600000 1.055000 4.600000 4.853000
4.800000 1.055000 4.800000 5.064000
5.000000 1.055000 5.000000 5.275000
5.200000 1.055000 5.200000 5.486000
5.400000 1.055000 5.400000 5.697000
5.600000 1.055000 5.600000 5.908000
5.800000 1.055000 5.800000 6.119000
6.000000 1.055000 6.000000 6.330000
6.200000 1.055000 6.200000 6.541000
6.400000 1.055000 6.400000 6.752000
6.600000 1.055000 6.600000 6.963000
6.800000 1.055000 6.800000 7.174000
7.000000 1.055000 7.000000 7.385000
7.200000 1.055000 7.200000 7.596000
7.400000 1.055000 7.400000 7.807000
7.600000 1.055000 7.600000 8.018000
7.800000 1.055000 7.800000 8.229000
8.000000 1.055000 8.000000 8.440000
8.200000 1.055000 8.200000 8.651000
8.400000 1.055000 8.400000 8.862000
8.600000 1.055000 8.600000 9.073000
8.800000 1.055000 8.800000 9.284000
9.000000 1.055000 9.000000 9.495000
9.200000 1.055000 9.200000 9.706000
9.400000 1.055000 9.400000 9.917000
9.600000 1.055000 9.600000 10.128000
9.800000 1.055000 9.800000 10.339000
10.000000 1.055000 10.000000 10.550000
0.000000 1.060000 0.000000 0.000000
0.200000 1.060000 0.200000 0.212000
0.400000 1.060000 0.400000 0.424000
0.600000 1.060000 0.600000 0.636000
0.800000 1.060000 0.800000 0.848000
1.000000 1.060000 1.000000 1.060000
1.200000 1.060000 1.200000 1.272000
1.400000 1.060000 1.400000 1.484000
1.600000 1.060000 1.600000 1.696000
1.800000 1.060000 1.800000 1.908000
2.000000 1.060000 2.000000 2.120000
2.200000 1.060000 2.200000 2.332000
2.400000 1.060000 2.400000 2.544000
2.600000 1.060000 2.600000 2.756000
2.800000 1.060000 2.800000 2.968000
3.000000 1.060000 3.000000 3.180000
3.200000 1.060000 3.200000 3.392000
3.400000 1.060000 3.400000 3.604000
3.600000 1.060000 3.600000 3.816000
3.800000 1.060000 3.800000 4.028000
4.000000 1.060000 4.000000 4.240000
4.200000 1.060000 4.200000 4.452000
4.400000 1.060000 4.400000 4.664000
4.600000 1.060000 4.600000 4.876000
4.800000 1.060000 4.800000 5.088000
5.000000 1.060000 5.000000 5.300000
5.200000 1.060000 5.200000 5.512000
5.400000 1.060000 5.400000 5.724000
5.600000 1.060000 5.600000 5.936000
5.800000 1.060000 5.800000 6.148000
6.000000 1.060000 6.000000 6.360000
6.200000 1.060000 6.200000 6.572000
6.400000 1.060000 6.400000 6.784000
6.600000 1.060000 6.600000 6.996000
6.800000 1.060000 6.800000 7.208000
7.000000 1.060000 7.000000 7.420000
7.200000 1.060000 7.200000 7.632000
7.400000 1.060000 7.400000 7.844000
7.600000 1.060000 7.600000 8.056000
7.800000 1.060000 7.800000 8.268000
8.000000 1.060000 8.000000 8.480000
8.200000 1.060000 8.200000 8.692000
8.400000 1.060000 8.400000 8.904000
8.600000 1.060000 8.600000 9.116000
8.800000 1.060000 8.800000 9.328000
9.000000 1.060000 9.000000 9.540000
9.200000 1.060000 9.200000 9.752000
9.400000 1.060000 9.400000 9.964000
9.600000 1.060000 9.600000 10.176000
9.800000 1.060000 9.800000 10.388000
10.000000 1.060000 10.000000 10.600000
0.000000 1.065000 0.000000 0.000000
0.200000 1.065000 0.200000 0.213000
0.400000 1.065000 0.400000 0.426000
0.600000 1.065000 0.600000 0.639000
0.800000 1.065000 0.800000 0.852000
1.000000 1.065000 1.000000 1.065000
1.200000 1.065000 1.200000 1.278000
1.400000 1.065000 1.400000 1.491000
1.600000 1.065000 1.600000 1.704000
1.800000 1.065000 1.800000 1.917000
2.000000 1.065000 2.000000 2.130000
2.200000 1.065000 2.200000 2.343000
2.400000 1.065000 2.400000 2.556000
2.600000 1.065000 2.600000 2.769000
2.800000 1.065000 2.800000 2.982000
3.000000 1.065000 3.000000 3.195000
3.200000 1.065000 3.200000 3.408000
3.400000 1.065000 3.400000 3.621000
3.600000 1.065000 3.600000 3.834000
3.800000 1.065000 3.800000 4.047000
4.000000 1.065000 4.000000 4.260000
4.200000 1.065000 4.200000 4.473000
4.400000 1.065000 4.400000 4.686000
4.600000 1.065000 4.600000 4.899000
4.800000 1.065000 4.800000 5.112000
5.000000 1.065000 5.000000 5.325000
5.200000 1.065000 5.200000 5.538000
5.400000 1.065000 5.400000 5.751000
5.600000 1.065000 5.600000 5.964000
5.800000 1.065000 5.800000 6.177000
6.000000 1.065000 6.000000 6.390000
6.200000 1.065000 6.200000 6.603000
6.400000 1.065000 6.400000 6.816000
6.600000 1.065000 6.600000 7.029000
6.800000 1.065000 6.800000 7.242000
7.000000 1.065000 7.000000 7.455000
7.200000 1.065000 7.200000 7.668000
7.400000 1.065000 7.400000 7.881000
7.600000 1.065000 7.600000 8.094000
7.800000 1.065000 7.800000 8.307000
8.000000 1.065000 8.000000 8.520000
8.200000 1.065000 8.200000 8.733000
8.400000 1.065000 8.400000 8.946000
8.600000 1.065000 8.600000 9.159000
8.800000 1.065000 8.800000 9.372000
9.000000 1.065000 9.000000 9.585000
9.200000 1.065000 9.200000 9.798000
9.400000 1.065000 9.400000 10.011000
9.600000 1.065000 9.600000 10.224000
9.800000 1.065000 9.800000 10.437000
10.000000 1.065000 10.000000 10.650000
0.000000 1.070000 0.000000 0.000000
0.200000 1.070000 0.200000 0.214000
0.400000 1.070000 0.400000 0.428000
0.600000 1.070000 0.600000 0.642000
0.800000 1.070000 0.800000 0.856000
1.000000 1.070000 1.000000 1.070000
1.200000 1.070000 1.200000 1.284000
1.400000 1.070000 1.400000 1.498000
1.600000 1.070000 1.600000 1.712000
1.800000 1.070000 1.800000 1.926000
2.000000 1.070000 2.000000 2.140000
2.200000 1.070000 2.200000 2.354000
2.400000 1.070000 2.400000 2.568000
2.600000 1.070000 2.600000 2.782000
2.800000 1.070000 2.800000 2.996000
3.000000 1.070000 3.000000 3.210000
3.200000 1.070000 3.200000 3.424000
3.400000 1.070000 3.400000 3.638000
3.600000 1.070000 3.600000 3.852000
3.800000 1.070000 3.800000 4.066000
4.000000 1.070000 4.000000 4.280000
4.200000 1.070000 4.200000 4.494000
4.400000 1.070000 4.400000 4.708000
4.600000 1.070000 4.600000 4.922000
4.800000 1.070000 4.800000 5.136000
5.000000 1.070000 5.000000 5.350000
5.200000 1.070000 5.200000 5.564000
5.400000 1.070000 5.400000 5.778000
5.600000 1.070000 5.600000 5.992000
5.800000 1.070000 5.800000 6.206000
6.000000 1.070000 6.000000 6.420000
6.200000 1.070000 6.200000 6.634000
6.400000 1.070000 6.400000 6.848000
6.600000 1.070000 6.600000 7.062000
6.800000 1.070000 6.800000 7.276000
7.000000 1.070000 7.000000 7.490000
7.200000 1.070000 7.200000 7.704000
7.400000 1.070000 7.400000 7.918000
7.600000 1.070000 7.600000 8.132000
7.800000 1.070000 7.800000 8.346000
8.000000 1.070000 8.000000 8.560000
8.200000 1.070000 8.200000 8.774000
8.400000 1.070000 8.400000 8.988000
8.600000 1.070000 8.600000 9.202000
8.800000 1.070000 8.800000 9.416000
9.000000 1.070000 9.000000 9.630000
9.200000 1.070000 9.200000 9.844000
9.400000 1.070000 9.400000 10.058000
9.600000 1.070000 9.600000 10.272000
9.800000 1.070000 9.800000 10.486000
10.000000 1.070000 10.000000 10.700000
0.000000 1.075000 0.000000 0.000000
0.200000 1.075000 0.200000 0.215000
0.400000 1.075000 0.400000 0.430000
0.600000 1.075000 0.600000 0.645000
0.800000 1.075000 0.800000 0.860000
1.000000 1.075000 1.000000 1.075000
1.200000 1.075000 1.200000 1.290000
1.400000 1.075000 1.400000 1.505000
1.600000 1.075000 1.600000 1.720000
1.800000 1.075000 1.800000 1.935000
2.000000 1.075000 2.000000 2.150000
2.200000 1.075000 2.200000 2.365000
2.400000 1.075000 2.400000 2.580000
2.600000 1.075000 2.600000 2.795000
2.800000 1.075000 2.800000 3.010000
3.000000 1.075000 3.000000 3.225000
3.200000 1.075000 3.200000 3.440000
3.400000 1.075000 3.400000 3.655000
3.600000 1.075000 3.600000 3.870000
3.800000 1.075000 3.800000 4.085000
4.000000 1.075000 4.000000 4.300000
4.200000 1.075000 4.200000 4.515000
4.400000 1.075000 4.400000 4.730000
4.600000 1.075000 4.600000 4.945000
4.800000 1.075000 4.800000 5.160000
5.000000 1.075000 5.000000 5.375000
5.200000 1.075000 5.200000 5.590000
5.400000 1.075000 5.400000 5.805000
5.600000 1.075000 5.600000 6.020000
5.800000 1.075000 5.800000 6.235000
6.000000 1.075000 6.000000 6.450000
6.200000 1.075000 6.200000 6.665000
6.400000 1.075000 6.400000 6.880000
6.600000 1.075000 6.600000 7.095000
6.800000 1.075000 6.800000 7.310000
7.000000 1.075000 7.000000 7.525000
7.200000 1.075000 7.200000 7.740000
7.400000 1.075000 7.400000 7.955000
7.600000 1.075000 7.600000 8.170000
7.800000 1.075000 7.800000 8.385000
8.000000 1.075000 8.000000 8.600000
8.200000 1.075000 8.200000 8.815000
8.400000 1.075000 8.400000 9.030000
8.600000 1.075000 8.600000 9.245000
8.800000 1.075000 8.800000 9.460000
9.000000 1.075000 9.000000 9.675000
9.200000 1.075000 9.200000 9.890000
9.400000 1.075000 9.400000 10.105000
9.600000 1.075000 9.600000 10.320000
9.800000 1.075000 9.800000 10.535000
10.000000 1.075000 10.000000 10.750000
0.000000 1.080000 0.000000 0.000000
0.200000 1.080000 0.200000 0.216000
0.400000 1.080000 0.400000 0.432000
0.600000 1.080000 0.600000 0.648000
0.800000 1.080000 0.800000 0.864000
1.000000 1.080000 1.000000 1.080000
1.200000 1.080000 1.200000 1.296000
1.400000 1.080000 1.400000 1.512000
1.600000 1.080000 1.600000 1.728000
1.800000 1.080000 1.800000 1.944000
2.000000 1.080000 2.000000 2.160000
2.200000 1.080000 2.200000 2.376000
2.400000 1.080000 2.400000 2.592000
2.600000 1.080000 2.600000 2.808000
2.800000 1.080000 2.800000 3.024000
3.000000 1.080000 3.000000 3.240000
3.200000 1.080000 3.200000 3.456000
3.400000 1.080000 3.400000 3.672000
3.600000 1.080000 3.600000 3.888000
3.800000 1.080000 3.800000 4.104000
4.000000 1.080000 4.000000 4.320000
4.200000 1.080000 4.200000 4.536000
4.400000 1.080000 4.400000 4.752000
4.600000 1.080000 4.600000 4.968000
4.800000 1.080000 4.800000 5.184000
5.000000 1.080000 5.000000 5.400000
5.200000 1.080000 5.200000 5.616000
5.400000 1.080000 5.400000 5.832000
5.600000 1.080000 5.600000 6.048000
5.800000 1.080000 5.800000 6.264000
6.000000 1.080000 6.000000 6.480000
6.200000 1.080000 6.200000 6.696000
6.400000 1.080000 6.400000 6.912000
6.600000 1.080000 6.600000 7.128000
6.800000 1.080000 6.800000 7.344000
7.000000 1.080000 7.000000 7.560000
7.200000 1.080000 7.200000 7.776000
7.400000 1.080000 7.400000 7.992000
7.600000 1.080000 7.600000 8.208000
7.800000 1.080000 7.800000 8.424000
8.000000 1.080000 8.000000 8.640000
8.200000 1.080000 8.200000 8.856000
8.400000 1.080000 8.400000 9.072000
8.600000 1.080000 8.600000 9.288000
8.800000 1.080000 8.800000 9.504000
9.000000 1.080000 9.000000 9.720000
9.200000 1.080000 9.200000 9.936000
9.400000 1.080000 9.400000 10.152000
9.600000 1.080000 9.600000 10.368000
9.800000 1.080000 9.800000 10.584000
10.000000 1.080000 10.000000 10.800000
0.000000 1.085000 0.000000 0.000000
0.200000 1.085000 0.200000 0.217000
0.400000 1.085000 0.400000 0.434000
0.600000 1.085000 0.600000 0.651000
0.800000 1.085000 0.800000 0.868000
1.000000 1.085000 1.000000 1.085000
1.200000 1.085000 1.200000 1.302000
1.400000 1.085000 1.400000 1.519000
1.600000 1.085000 1.600000 1.736000
1.800000 1.085000 1.800000 1.953000
2.000000 1.085000 2.000000 2.170000
2.200000 1.085000 2.200000 2.387000
2.400000 1.085000 2.400000 2.604000
2.600000 1.085000 2.600000 2.821000
2.800000 1.085000 2.800000 3.038000
3.000000 1.085000 3.000000 3.255000
3.200000 1.085000 3.200000 3.472000
3.400000 1.085000 3.400000 3.689000
3.600000 1.085000 3.600000 3.906000
3.800000 1.085000 3.800000 4.123000
4.000000 1.085000 4.000000 4.340000
4.200000 1.085000 4.200000 4.557000
4.400000 1.085000 4.400000 4.774000
4.600000 1.085000 4.600000 4.991000
4.800000 1.085000 4.800000 5.208000
5.000000 1.085000 5.000000 5.425000
5.200000 1.085000 5.200000 5.642000
5.400000 1.085000 5.400000 5.859000
5.600000 1.085000 5.600000 6.076000
5.800000 1.085000 5.800000 6.293000
6.000000 1.085000 6.000000 6.510000
6.200000 1.085000 6.200000 6.727000
6.400000 1.085000 6.400000 6.944000
6.600000 1.085000 6.600000 7.161000
6.800000 1.085000 6.800000 7.378000
7.000000 1.085000 7.000000 7.595000
7.200000 1.085000 7.200000 7.812000
7.400000 1.085000 7.400000 8.029000
7.600000 1.085000 7.600000 8.246000
7.800000 1.085000 7.800000 8.463000
8.000000 1.085000 8.000000 8.680000
8.200000 1.085000 8.200000 8.897000
8.400000 1.085000 8.400000 9.114000
8.600000 1.085000 8.600000 9.331000
8.800000 1.085000 8.800000 9.548000
9.000000 1.085000 9.000000 9.765000
9.200000 1.085000 9.200000 9.982000
9.400000 1.085000 9.400000 10.199000
9.600000 1.085000 9.600000 10.416000
9.800000 1.085000 9.800000 10.633000
10.000000 1.085000 10.000000 10.850000
0.000000 1.090000 0.000000 0.000000
0.200000 1.090000 0.200000 0.218000
0.400000 1.090000 0.400000 0.436000
0.600000 1.090000 0.600000 0.654000
0.800000 1.090000 0.800000 0.872000
1.000000 1.090000 1.000000 1.090000
1.200000 1.090000 1.200000 1.308000
1.400000 1.090000 1.400000 1.526000
1.600000 1.090000 1.600000 1.744000
1.800000 1.090000 1.800000 1.962000
2.000000 1.090000 2.000000 2.180000
2.200000 1.090000 2.200000 2.398000
2.400000 1.090000 2.400000 2.616000
2.600000 1.090000 2.600000 2.834000
2.800000 1.090000 2.800000 3.052000
3.000000 1.090000 3.000000 3.270000
3.200000 1.090000 3.200000 3.488000
3.400000 1.090000 3.400000 3.706000
3.600000 1.090000 3.600000 3.924000
3.800000 1.090000 3.800000 4.142000
4.000000 1.090000 4.000000 4.360000
4.200000 1.090000 4.200000 4.578000
4.400000 1.090000 4.400000 4.796000
4.600000 1.090000 4.600000 5.014000
4.800000 1.090000 4.800000 5.232000
5.000000 1.090000 5.000000 5.450000
5.200000 1.090000 5.200000 5.668000
5.400000 1.090000 5.400000 5.886000
5.600000 1.090000 5.600000 6.104000
5.800000 1.090000 5.800000 6.322000
6.000000 1.090000 6.000000 6.540000
6.200000 1.090000 6.200000 6.758000
6.400000 1.090000 6.400000 6.976000
6.600000 1.090000 6.600000 7.194000
6.800000 1.090000 6.800000 7.412000
7.000000 1.090000 7.000000 7.630000
7.200000 1.090000 7.200000 7.848000
7.400000 1.090000 7.400000 8.066000
7.600000 1.090000 7.600000 8.284000
7.800000 1.090000 7.800000 8.502000
8.000000 1.090000 8.000000 8.720000
8.200000 1.090000 8.200000 8.938000
8.400000 1.090000 8.400000 9.156000
8.600000 1.090000 8.600000 9.374000
8.800000 1.090000 8.800000 9.592000
9.000000 1.090000 9.000000 9.810000
9.200000 1.090000 9.200000 10.028000
9.400000 1.090000 9.400000 10.246000
9.600000 1.090000 9.600000 10.464000
9.800000 1.090000 9.800000 10.682000
10.000000 1.090000 10.000000 10.900000
0.000000 1.095000 0.000000 0.000000
0.200000 1.095000 0.200000 0.219000
0.400000 1.095000 0.400000 0.438000
0.600000 1.095000 0.600000 0.657000
0.800000 1.095000 0.800000 0.876000
1.000000 1.095000 1.000000 1.095000
1.200000 1.095000 1.200000 1.314000
1.400000 1.095000 1.400000 1.533000
1.600000 1.095000 1.600000 1.752000
1.800000 1.095000 1.800000 1.971000
2.000000 1.095000 2.000000 2.190000
2.200000 1.095000 2.200000 2.409000
2.400000 1.095000 2.400000 2.628000
2.600000 1.095000 2.600000 2.847000
2.800000 1.095000 2.800000 3.066000
3.000000 1.095000 3.000000 3.285000
3.200000 1.095000 3.200000 3.504000
3.400000 1.095000 3.400000 3.723000
3.600000 1.095000 3.600000 3.942000
3.800000 1.095000 3.800000 4.161000
4.000000 1.095000 4.000000 4.380000
4.200000 1.095000 4.200000 4.599000
4.400000 1.095000 4.400000 4.818000
4.600000 1.095000 4.600000 5.037000
4.800000 1.095000 4.800000 5.256000
5.000000 1.095000 5.000000 5.475000
5.200000 1.095000 5.200000 5.694000
5.400000 1.095000 5.400000 5.913000
5.600000 1.095000 5.600000 6.132000
5.800000 1.095000 5.800000 6.351000
6.000000 1.095000 6.000000 6.570000
6.200000 1.095000 6.200000 6.789000
6.400000 1.095000 6.400000 7.008000
6.600000 1.095000 6.600000 7.227000
6.800000 1.095000 6.800000 7.446000
7.000000 1.095000 7.000000 7.665000
7.200000 1.095000 7.200000 7.884000
7.400000 1.095000 7.400000 8.103000
7.600000 1.095000 7.600000 8.322000
7.800000 1.095000 7.800000 8.541000
8.000000 1.095000 8.000000 8.760000
8.200000 1.095000 8.200000 8.979000
8.400000 1.095000 8.400000 9.198000
8.600000 1.095000 8.600000 9.417000
8.800000 1.095000 8.800000 9.636000
9.000000 1.095000 9.000000 9.855000
9.200000 1.095000 9.200000 10.074000
9.400000 1.095000 9.400000 10.293000
9.600000 1.095000 9.600000 10.512000
9.800000 1.095000 9.800000 10.731000
10.000000 1.095000 10.000000 10.950000
0.000000 1.100000 0.000000 0.000000
0.200000 1.100000 0.200000 0.220000
0.400000 1.100000 0.400000 0.440000
0.600000 1.100000 0.600000 0.660000
0.800000 1.100000 0.800000 0.880000
1.000000 1.100000 1.000000 1.100000
1.200000 1.100000 1.200000 1.320000
1.400000 1.100000 1.400000 1.540000
1.600000 1.100000 1.600000 1.760000
1.800000 1.100000 1.800000 1.980000
2.000000 1.100000 2.000000 2.200000
2.200000 1.100000 2.200000 2.420000
2.400000 1.100000 2.400000 2.640000
2.600000 1.100000 2.600000 2.860000
2.800000 1.100000 2.800000 3.080000
3.000000 1.100000 3.000000 3.300000
3.200000 1.100000 3.200000 3.520000
3.400000 1.100000 3.400000 3.740000
3.600000 1.100000 3.600000 3.960000
3.800000 1.100000 3.800000 4.180000
4.000000 1.100000 4.000000 4.400000
4.200000 1.100000 4.200000 4.620000
4.400000 1.100000 4.400000 4.840000
4.600000 1.100000 4.600000 5.060000
4.800000 1.100000 4.800000 5.280000
5.000000 1.100000 5.000000 5.500000
5.200000 1.100000 5.200000 5.720000
5.400000 1.100000 5.400000 5.940000
5.600000 1.100000 5.600000 6.160000
5.800000 1.100000 5.800000 6.380000
6.000000 1.100000 6.000000 6.600000
6.200000 1.100000 6.200000 6.820000
6.400000 1.100000 6.400000 7.040000
6.600000 1.100000 6.600000 7.260000
6.800000 1.100000 6.800000 7.480000
7.000000 1.100000 7.000000 7.700000
7.200000 1.100000 7.200000 7.920000
7.400000 1.100000 7.400000 8.140000
7.600000 1.100000 7.600000 8.360000
7.800000 1.100000 7.800000 8.580000
8.000000 1.100000 8.000000 8.800000
8.200000 1.100000 8.200000 9.020000
8.400000 1.100000 8.400000 9.240000
8.600000 1.100000 8.600000 9.460000
8.800000 1.100000 8.800000 9.680000
9.000000 1.100000 9.000000 9.900000
9.200000 1.100000 9.200000 10.120000
9.400000 1.100000 9.400000 10.340000
9.600000 1.100000 9.600000 10.560000
9.800000 1.100000 9.800000 10.780000
10.000000 1.100000 10.000000 11.000000
0.000000 1.105000 0.000000 0.000000
0.200000 1.105000 0.200000 0.221000
0.400000 1.105000 0.400000 0.442000
0.600000 1.105000 0.600000 0.663000
0.800000 1.105000 0.800000 0.884000
1.000000 1.105000 1.000000 1.105000
1.200000 1.105000 1.200000 1.326000
1.400000 1.105000 1.400000 1.547000
1.600000 1.105000 1.600000 1.768000
1.800000 1.105000 1.800000 1.989000
2.000000 1.105000 2.000000 2.210000
2.200000 1.105000 2.200000 2.431000
2.400000 1.105000 2.400000 2.652000
2.600000 1.105000 2.600000 2.873000
2.800000 1.105000 2.800000 3.094000
3.000000 1.105000 3.000000 3.315000
3.200000 1.105000 3.200000 3.536000
3.400000 1.105000 3.400000 3.757000
3.600000 1.105000 3.600000 3.978000
3.800000 1.105000 3.800000 4.199000
4.000000 1.105000 4.000000 4.420000
4.200000 1.105000 4.200000 4.641000
4.400000 1.105000 4.400000 4.862000
4.600000 1.105000 4.600000 5.083000
4.800000 1.105000 4.800000 5.304000
5.000000 1.105000 5.000000 5.525000
5.200000 1.105000 5.200000 5.746000
5.400000 1.105000 5.400000 5.967000
5.600000 1.105000 5.600000 6.188000
5.800000 1.105000 5.800000 6.409000
6.000000 1.105000 6.000000 6.630000
6.200000 1.105000 6.200000 6.851000
6.400000 1.105000 6.400000 7.072000
6.600000 1.105000 6.600000 7.293000
6.800000 1.105000 6.800000 7.514000
7.000000 1.105000 7.000000 7.735000
7.200000 1.105000 7.200000 7.956000
7.400000 1.105000 7.400000 8.177000
7.600000 1.105000 7.600000 8.398000
7.800000 1.105000 7.800000 8.619000
8.000000 1.105000 8.000000 8.840000
8.200000 1.105000 8.200000 9.061000
8.400000 1.105000 8.400000 9.282000
8.600000 1.105000 8.600000 9.503000
8.800000 1.105000 8.800000 9.724000
9.000000 1.105000 9.000000 9.945000
9.200000 1.105000 9.200000 10.166000
9.400000 1.105000 9.400000 10.387000
9.600000 1.105000 9.600000 10.608000
9.800000 1.105000 9.800000 10.829000
10.000000 1.105000 10.000000 11.050000
0.000000 1.110000 0.000000 0.000000
0.200000 1.110000 0.200000 0.222000
0.400000 1.110000 0.400000 0.444000
0.600000 1.110000 0.600000 0.666000
0.800000 1.110000 0.800000 0.888000
1.000000 1.110000 1.000000 1.110000
1.200000 1.110000 1.200000 1.332000
1.400000 1.110000 1.400000 1.554000
1.600000 1.110000 1.600000 1.776000
1.800000 1.110000 1.800000 1.998000
2.000000 1.110000 2.000000 2.220000
2.200000 1.110000 2.200000 2.442000
2.400000 1.110000 2.400000 2.664000
2.600000 1.110000 2.600000 2.886000
2.800000 1.110000 2.800000 3.108000
3.000000 1.110000 3.000000 3.330000
3.200000 1.110000 3.200000 3.552000
3.400000 1.110000 3.400000 3.774000
3.600000 1.110000 3.600000 3.996000
3.800000 1.110000 3.800000 4.218000
4.000000 1.110000 4.000000 4.440000
4.200000 1.110000 4.200000 4.662000
4.400000 1.110000 4.400000 4.884000
4.600000 1.110000 4.600000 5.106000
4.800000 1.110000 4.800000 5.328000
5.000000 1.110000 5.000000 5.550000
5.200000 1.110000 5.200000 5.772000
5.400000 1.110000 5.400000 5.994000
5.600000 1.110000 5.600000 6.216000
5.800000 1.110000 5.800000 6.438000
6.000000 1.110000 6.000000 6.660000
6.200000 1.110000 6.200000 6.882000
6.400000 1.110000 6.400000 7.104000
6.600000 1.110000 6.600000 7.326000
6.800000 1.110000 6.800000 7.548000
7.000000 1.110000 7.000000 7.770000
7.200000 1.110000 7.200000 7.992000
7.400000 1.110000 7.400000 8.214000
7.600000 1.110000 7.600000 8.436000
7.800000 1.110000 7.800000 8.658000
8.000000 1.110000 8.000000 8.880000
8.200000 1.110000 8.200000 9.102000
8.400000 1.110000 8.400000 9.324000
8.600000 1.110000 8.600000 9.546000
8.800000 1.110000 8.800000 9.768000
9.000000 1.110000 9.000000 9.990000
9.200000 1.110000 9.200000 10.212000
9.400000 1.110000 9.400000 10.434000
9.600000 1.110000 9.600000 10.656000
9.800000 1.110000 9.800000 10.878000
10.000000 1.110000 10.000000 11.100000
0.000000 1.115000 0.000000 0.000000
0.200000 1.115000 0.200000 0.223000
0.400000 1.115000 0.400000 0.446000
0.600000 1.115000 0.600000 0.669000
0.800000 1.115000 0.800000 0.892000
1.000000 1.115000 1.000000 1.115000
1.200000 1.115000 1.200000 1.338000
1.400000 1.115000 1.400000 1.561000
1.600000 1.115000 1.600000 1.784000
1.800000 1.115000 1.800000 2.007000
2.000000 1.115000 2.000000 2.230000
2.200000 1.115000 2.200000 2.453000
2.400000 1.115000 2.400000 2.676000
2.600000 1.115000 2.600000 2.899000
2.800000 1.115000 2.800000 3.122000
3.000000 1.115000 3.000000 3.345000
3.200000 1.115000 3.200000 3.568000
3.400000 1.115000 3.400000 3.791000
3.600000 1.115000 3.600000 4.014000
3.800000 1.115000 3.800000 4.237000
4.000000 1.115000 4.000000 4.460000
4.200000 1.115000 4.200000 4.683000
4.400000 1.115000 4.400000 4.906000
4.600000 1.115000 4.600000 5.129000
4.800000 1.115000 4.800000 5.352000
5.000000 1.115000 5.000000 5.575000
5.200000 1.115000 5.200000 5.798000
5.400000 1.115000 5.400000 6.021000
5.600000 1.115000 5.600000 6.244000
5.800000 1.115000 5.800000 6.467000
6.000000 1.115000 6.000000 6.690000
6.200000 1.115000 6.200000 6.913000
6.400000 1.115000 6.400000 7.136000
6.600000 1.115000 6.600000 7.359000
6.800000 1.115000 6.800000 7.582000
7.000000 1.115000 7.000000 7.805000
7.200000 1.115000 7.200000 8.028000
7.400000 1.115000 7.400000 8.251000
7.600000 1.115000 7.600000 8.474000
7.800000 1.115000 7.800000 8.697000
8.000000 1.115000 8.000000 8.920000
8.200000 1.115000 8.200000 9.143000
8.400000 1.115000 8.400000 9.366000
8.600000 1.115000 8.600000 9.589000
8.800000 1.115000 8.800000 9.812000
9.000000 1.115000 9.000000 10.035000
9.200000 1.115000 9.200000 10.258000
9.400000 1.115000 9.400000 10.481000
9.600000 1.115000 9.600000 10.704000
9.800000 1.115000 9.800000 10.927000
10.000000 1.115000 10.000000 11.150000
0.000000 1.120000 0.000000 0.000000
0.200000 1.120000 0.200000 0.224000
0.400000 1.120000 0.400000 0.448000
0.600000 1.120000 0.600000 0.672000
0.800000 1.120000 0.800000 0.896000
1.000000 1.120000 1.000000 1.120000
1.200000 1.120000 1.200000 1.344000
1.400000 1.120000 1.400000 1.568000
1.600000 1.120000 1.600000 1.792000
1.800000 1.120000 1.800000 2.016000
2.000000 1.120000 2.000000 2.240000
2.200000 1.120000 2.200000 2.464000
2.400000 1.120000 2.400000 2.688000
2.600000 1.120000 2.600000 2.912000
2.800000 1.120000 2.800000 3.136000
3.000000 1.120000 3.000000 3.360000
3.200000 1.120000 3.200000 3.584000
3.400000 1.120000 3.400000 3.808000
3.600000 1.120000 3.600000 4.032000
3.800000 1.120000 3.800000 4.256000
4.000000 1.120000 4.000000 4.480000
4.200000 1.120000 4.200000 4.704000
4.400000 1.120000 4.400000 4.928000
4.600000 1.120000 4.600000 5.152000
4.800000 1.120000 4.800000 5.376000
5.000000 1.120000 5.000000 5.600000
5.200000 1.120000 5.200000 5.824000
5.400000 1.120000 5.400000 6.048000
5.600000 1.120000 5.600000 6.272000
5.800000 1.120000 5.800000 6.496000
6.000000 1.120000 6.000000 6.720000
6.200000 1.120000 6.200000 6.944000
6.400000 1.120000 6.400000 7.168000
6.600000 1.120000 6.600000 7.392000
6.800000 1.120000 6.800000 7.616000
7.000000 1.120000 7.000000 7.840000
7.200000 1.120000 7.200000 8.064000
7.400000 1.120000 7.400000 8.288000
7.600000 1.120000 7.600000 8.512000
7.800000 1.120000 7.800000 8.736000
8.000000 1.120000 8.000000 8.960000
8.200000 1.120000 8.200000 9.184000
8.400000 1.120000 8.400000 9.408000
8.600000 1.120000 8.600000 9.632000
8.800000 1.120000 8.800000 9.856000
9.000000 1.120000 9.000000 10.080000
9.200000 1.120000 9.200000 10.304000
9.400000 1.120000 9.400000 10.528000
9.600000 1.120000 9.600000 10.752000
9.800000 1.120000 9.800000 10.976000
10.000000 1.120000 10.000000 11.200000
0.000000 1.125000 0.000000 0.000000
0.200000 1.125000 0.200000 0.225000
0.400000 1.125000 0.400000 0.450000
0.600000 1.125000 0.600000 0.675000
0.800000 1.125000 0.800000 0.900000
1.000000 1.125000 1.000000 1.125000
1.200000 1.125000 1.200000 1.350000
1.400000 1.125000 1.400000 1.575000
1.600000 1.125000 1.600000 1.800000
1.800000 1.125000 1.800000 2.025000
2.000000 1.125000 2.000000 2.250000
2.200000 1.125000 2.200000 2.475000
2.400000 1.125000 2.400000 2.700000
2.600000 1.125000 2.600000 2.925000
2.800000 1.125000 2.800000 3.150000
3.000000 1.125000 3.000000 3.375000
3.200000 1.125000 3.200000 3.600000
3.400000 1.125000 3.400000 3.825000
3.600000 1.125000 3.600000 4.050000
3.800000 1.125000 3.800000 4.275000
4.000000 1.125000 4.000000 4.500000
4.200000 1.125000 4.200000 4.725000
4.400000 1.125000 4.400000 4.950000
4.600000 1.125000 4.600000 5.175000
4.800000 1.125000 4.800000 5.400000
5.000000 1.125000 5.000000 5.625000
5.200000 1.125000 5.200000 5.850000
5.400000 1.125000 5.400000 6.075000
5.600000 1.125000 5.600000 6.300000
5.800000 1.125000 5.800000 6.525000
6.000000 1.125000 6.000000 6.750000
6.200000 1.125000 6.200000 6.975000
6.400000 1.125000 6.400000 7.200000
6.600000 1.125000 6.600000 7.425000
6.800000 1.125000 6.800000 7.650000
7.000000 1.125000 7.000000 7.875000
7.200000 1.125000 7.200000 8.100000
7.400000 1.125000 7.400000 8.325000
7.600000 1.125000 7.600000 8.550000
7.800000 1.125000 7.800000 8.775000
8.000000 1.125000 8.000000 9.000000
8.200000 1.125000 8.200000 9.225000
8.400000 1.125000 8.400000 9.450000
8.600000 1.125000 8.600000 9.675000
8.800000 1.125000 8.800000 9.900000
9.000000 1.125000 9.000000 10.125000
9.200000 1.125000 9.200000 10.350000
9.400000 1.125000 9.400000 10.575000
9.600000 1.125000 9.600000 10.800000
9.800000 1.125000 9.800000 11.025000
10.000000 1.125000 10.000000 11.250000
0.000000 1.130000 0.000000 0.000000
0.200000 1.130000 0.200000 0.226000
0.400000 1.130000 0.400000 0.452000
0.600000 1.130000 0.600000 0.678000
0.800000 1.130000 0.800000 0.904000
1.000000 1.130000 1.000000 1.130000
1.200000 1.130000 1.200000 1.356000
1.400000 1.130000 1.400000 1.582000
1.600000 1.130000 1.600000 1.808000
1.800000 1.130000 1.800000 2.034000
2.000000 1.130000 2.000000 2.260000
2.200000 1.130000 2.200000 2.486000
2.400000 1.130000 2.400000 2.712000
2.600000 1.130000 2.600000 2.938000
2.800000 1.130000 2.800000 3.164000
3.000000 1.130000 3.000000 3.390000
3.200000 1.130000 3.200000 3.616000
3.400000 1.130000 3.400000 3.842000
3.600000 1.130000 3.600000 4.068000
3.800000 1.130000 3.800000 4.294000
4.000000 1.130000 4.000000 4.520000
4.200000 1.130000 4.200000 4.746000
4.400000 1.130000 4.400000 4.972000
4.600000 1.130000 4.600000 5.198000
4.800000 1.130000 4.800000 5.424000
5.000000 1.130000 5.000000 5.650000
5.200000 1.130000 5.200000 5.876000
5.400000 1.130000 5.400000 6.102000
5.600000 1.130000 5.600000 6.328000
5.800000 1.130000 5.800000 6.554000
6.000000 1.130000 6.000000 6.780000
6.200000 1.130000 6.200000 7.006000
6.400000 1.130000 6.400000 7.232000
6.600000 1.130000 6.600000 7.458000
6.800000 1.130000 6.800000 7.684000
7.000000 1.130000 7.000000 7.910000
7.200000 1.130000 7.200000 8.136000
7.400000 1.130000 7.400000 8.362000
7.600000 1.130000 7.600000 8.588000
7.800000 1.130000 7.800000 8.814000
8.000000 1.130000 8.000000 9.040000
8.200000 1.130000 8.200000 9.266000
8.400000 1.130000 8.400000 9.492000
8.600000 1.130000 8.600000 9.718000
8.800000 1.130000 8.800000 9.944000
9.000000 1.130000 9.000000 10.170000
9.200000 1.130000 9.200000 10.396000
9.400000 1.130000 9.400000 10.622000
9.600000 1.130000 9.600000 10.848000
9.800000 1.130000 9.800000 11.074000
10.000000 1.130000 10.000000 11.300000
0.000000 1.135000 0.000000 0.000000
0.200000 1.135000 0.200000 0.227000
0.400000 1.135000 0.400000 0.454000
0.600000 1.135000 0.600000 0.681000
0.800000 1.135000 0.800000 0.908000
1.000000 1.135000 1.000000 1.135000
1.200000 1.135000 1.200000 1.362000
1.400000 1.135000 1.400000 1.589000
1.600000 1.135000 1.600000 1.816000
1.800000 1.135000 1.800000 2.043000
2.000000 1.135000 2.000000 2.270000
2.200000 1.135000 2.200000 2.497000
2.400000 1.135000 2.400000 2.724000
2.600000 1.135000 2.600000 2.951000
2.800000 1.135000 2.800000 3.178000
3.000000 1.135000 3.000000 3.405000
3.200000 1.135000 3.200000 3.632000
3.400000 1.135000 3.400000 3.859000
3.600000 1.135000 3.600000 4.086000
3.800000 1.135000 3.800000 4.313000
4.000000 1.135000 4.000000 4.540000
4.200000 1.135000 4.200000 4.767000
4.400000 1.135000 4.400000 4.994000
4.600000 1.135000 4.600000 5.221000
4.800000 1.135000 4.800000 5.448000
5.000000 1.135000 5.000000 5.675000
5.200000 1.135000 5.200000 5.902000
5.400000 1.135000 5.400000 6.129000
5.600000 1.135000 5.600000 6.356000
5.800000 1.135000 5.800000 6.583000
6.000000 1.135000 6.000000 6.810000
6.200000 1.135000 6.200000 7.037000
6.400000 1.135000 6.400000 7.264000
6.600000 1.135000 6.600000 7.491000
6.800000 1.135000 6.800000 7.718000
7.000000 1.135000 7.000000 7.945000
7.200000 1.135000 7.200000 8.172000
7.400000 1.135000 7.400000 8.399000
7.600000 1.135000 7.600000 8.626000
7.800000 1.135000 7.800000 8.853000
8.000000 1.135000 8.000000 9.080000
8.200000 1.135000 8.200000 9.307000
8.400000 1.135000 8.400000 9.534000
8.600000 1.135000 8.600000 9.761000
8.800000 1.135000 8.800000 9.988000
9.000000 1.135000 9.000000 10.215000
9.200000 1.135000 9.200000 10.442000
9.400000 1.135000 9.400000 10.669000
9.600000 1.135000 9.600000 10.896000
9.800000 1.135000 9.800000 11.123000
10.000000 1.135000 10.000000 11.350000
0.000000 1.140000 0.000000 0.000000
0.200000 1.140000 0.200000 0.228000
0.400000 1.140000 0.400000 0.456000
0.600000 1.140000 0.600000 0.684000
0.800000 1.140000 0.800000 0.912000
1.000000 1.140000 1.000000 1.140000
1.200000 1.140000 1.200000 1.368000
1.400000 1.140000 1.400000 1.596000
1.600000 1.140000 1.600000 1.824000
1.800000 1.140000 1.800000 2.052000
2.000000 1.140000 2.000000 2.280000
2.200000 1.140000 2.200000 2.508000
2.400000 1.140000 2.400000 2.736000
2.600000 1.140000 2.600000 2.964000
2.800000 1.140000 2.800000 3.192000
3.000000 1.140000 3.000000 3.420000
3.200000 1.140000 3.200000 3.648000
3.400000 1.140000 3.400000 3.876000
3.600000 1.140000 3.600000 4.104000
3.800000 1.140000 3.800000 4.332000
4.000000 1.140000 4.000000 4.560000
4.200000 1.140000 4.200000 4.788000
4.400000 1.140000 4.400000 5.016000
4.600000 1.140000 4.600000 5.244000
4.800000 1.140000 4.800000 5.472000
5.000000 1.140000 5.000000 5.700000
5.200000 1.140000 5.200000 5.928000
5.400000 1.140000 5.400000 6.156000
5.600000 1.140000 5.600000 6.384000
5.800000 1.140000 5.800000 6.612000
6.000000 1.140000 6.000000 6.840000
6.200000 1.140000 6.200000 7.068000
6.400000 1.140000 6.400000 7.296000
6.600000 1.140000 6.600000 7.524000
6.800000 1.140000 6.800000 7.752000
7.000000 1.140000 7.000000 7.980000
7.200000 1.140000 7.200000 8.208000
7.400000 1.140000 7.400000 8.436000
7.600000 1.140000 7.600000 8.664000
7.800000 1.140000 7.800000 8.892000
8.000000 1.140000 8.000000 9.120000
8.200000 1.140000 8.200000 9.348000
8.400000 1.140000 8.400000 9.576000
8.600000 1.140000 8.600000 9.804000
8.800000 1.140000 8.800000 10.032000
9.000000 1.140000 9.000000 10.260000
9.200000 1.140000 9.200000 10.488000
9.400000 1.140000 9.400000 10.716000
9.600000 1.140000 9.600000 10.944000
9.800000 1.140000 9.800000 11.172000
10.000000 1.140000 10.000000 11.400000
0.000000 1.145000 0.000000 0.000000
0.200000 1.145000 0.200000 0.229000
0.400000 1.145000 0.400000 0.458000
0.600000 1.145000 0.600000 0.687000
0.800000 1.145000 0.800000 0.916000
1.000000 1.145000 1.000000 1.145000
1.200000 1.145000 1.200000 1.374000
1.400000 1.145000 1.400000 1.603000
1.600000 1.145000 1.600000 1.832000
1.800000 1.145000 1.800000 2.061000
2.000000 1.145000 2.000000 2.290000
2.200000 1.145000 2.200000 2.519000
2.400000 1.145000 2.400000 2.748000
2.600000 1.145000 2.600000 2.977000
2.800000 1.145000 2.800000 3.206000
3.000000 1.145000 3.000000 3.435000
3.200000 1.145000 3.200000 3.664000
3.400000 1.145000 3.400000 3.893000
3.600000 1.145000 3.600000 4.122000
3.800000 1.145000 3.800000 4.351000
4.000000 1.145000 4.000000 4.580000
4.200000 1.145000 4.200000 4.809000
4.400000 1.145000 4.400000 5.038000
4.600000 1.145000 4.600000 5.267000
4.800000 1.145000 4.800000 5.496000
5.000000 1.145000 5.000000 5.725000
5.200000 1.145000 5.200000 5.954000
5.400000 1.145000 5.400000 6.183000
5.600000 1.145000 5.600000 6.412000
5.800000 1.145000 5.800000 6.641000
6.000000 1.145000 6.000000 6.870000
6.200000 1.145000 6.200000 7.099000
6.400000 1.145000 6.400000 7.328000
6.600000 1.145000 6.600000 7.557000
6.800000 1.145000 6.800000 7.786000
7.000000 1.145000 7.000000 8.015000
7.200000 1.145000 7.200000 8.244000
7.400000 1.145000 7.400000 8.473000
7.600000 1.145000 7.600000 8.702000
7.800000 1.145000 7.800000 8.931000
8.000000 1.145000 8.000000 9.160000
8.200000 1.145000 8.200000 9.389000
8.400000 1.145000 8.400000 9.618000
8.600000 1.145000 8.600000 9.847000
8.800000 1.145000 8.800000 10.076000
9.000000 1.145000 9.000000 10.305000
9.200000 1.145000 9.200000 10.534000
9.400000 1.145000 9.400000 10.763000
9.600000 1.145000 9.600000 10.992000
9.800000 1.145000 9.800000 11.221000
10.000000 1.145000 10.000000 11.450000
0.000000 1.150000 0.000000 0.000000
0.200000 1.150000 0.200000 0.230000
0.400000 1.150000 0.400000 0.460000
0.600000 1.150000 0.600000 0.690000
0.800000 1.150000 0.800000 0.920000
1.000000 1.150000 1.000000 1.150000
1.200000 1.150000 1.200000 1.380000
1.400000 1.150000 1.400000 1.610000
1.600000 1.150000 1.600000 1.840000
1.800000 1.150000 1.800000 2.070000
2.000000 1.150000 2.000000 2.300000
2.200000 1.150000 2.200000 2.530000
2.400000 1.150000 2.400000 2.760000
2.600000 1.150000 2.600000 2.990000
2.800000 1.150000 2.800000 3.220000
3.000000 1.150000 3.000000 3.450000
3.200000 1.150000 3.200000 3.680000
3.400000 1.150000 3.400000 3.910000
3.600000 1.150000 3.600000 4.140000
3.800000 1.150000 3.800000 4.370000
4.000000 1.150000 4.000000 4.600000
4.200000 1.150000 4.200000 4.830000
4.400000 1.150000 4.400000 5.060000
4.600000 1.150000 4.600000 5.290000
4.800000 1.150000 4.800000 5.520000
5.000000 1.150000 5.000000 5.750000
5.200000 1.150000 5.200000 5.980000
5.400000 1.150000 5.400000 6.210000
5.600000 1.150000 5.600000 6.440000
5.800000 1.150000 5.800000 6.670000
6.000000 1.150000 6.000000 6.900000
6.200000 1.150000 6.200000 7.130000
6.400000 1.150000 6.400000 7.360000
6.600000 1.150000 6.600000 7.590000
6.800000 1.150000 6.800000 7.820000
7.000000 1.150000 7.000000 8.050000
7.200000 1.150000 7.200000 8.280000
7.400000 1.150000 7.400000 8.510000
7.600000 1.150000 7.600000 8.740000
7.800000 1.150000 7.800000 8.970000
8.000000 1.150000 8.000000 9.200000
8.200000 1.150000 8.200000 9.430000
8.400000 1.150000 8.400000 9.660000
8.600000 1.150000 8.600000 9.890000
8.800000 1.150000 8.800000 10.120000
9.000000 1.150000 9.000000 10.350000
9.200000 1.150000 9.200000 10.580000
9.400000 1.150000 9.400000 10.810000
9.600000 1.150000 9.600000 11.040000
9.800000 1.150000 9.800000 11.270000
10.000000 1.150000 10.000000 11.500000
0.000000 1.155000 0.000000 0.000000
0.200000 1.155000 0.200000 0.231000
0.400000 1.155000 0.400000 0.462000
0.600000 1.155000 0.600000 0.693000
0.800000 1.155000 0.800000 0.924000
1.000000 1.155000 1.000000 1.155000
1.200000 1.155000 1.200000 1.386000
1.400000 1.155000 1.400000 1.617000
1.600000 1.155000 1.600000 1.848000
1.800000 1.155000 1.800000 2.079000
2.000000 1.155000 2.000000 2.310000
2.200000 1.155000 2.200000 2.541000
2.400000 1.155000 2.400000 2.772000
2.600000 1.155000 2.600000 3.003000
2.800000 1.155000 2.800000 3.234000
3.000000 1.155000 3.000000 3.465000
3.200000 1.155000 3.200000 3.696000
3.400000 1.155000 3.400000 3.927000
3.600000 1.155000 3.600000 4.158000
3.800000 1.155000 3.800000 4.389000
4.000000 1.155000 4.000000 4.620000
4.200000 1.155000 4.200000 4.851000
4.400000 1.155000 4.400000 5.082000
4.600000 1.155000 4.600000 5.313000
4.800000 1.155000 4.800000 5.544000
5.000000 1.155000 5.000000 5.775000
5.200000 1.155000 5.200000 6.006000
5.400000 1.155000 5.400000 6.237000
5.600000 1.155000 5.600000 6.468000
5.800000 1.155000 5.800000 6.699000
6.000000 1.155000 6.000000 6.930000
6.200000 1.155000 6.200000 7.161000
6.400000 1.155000 6.400000 7.392000
6.600000 1.155000 6.600000 7.623000
6.800000 1.155000 6.800000 7.854000
7.000000 1.155000 7.000000 8.085000
7.200000 1.155000 7.200000 8.316000
7.400000 1.155000 7.400000 8.547000
7.600000 1.155000 7.600000 8.778000
7.800000 1.155000 7.800000 9.009000
8.000000 1.155000 8.000000 9.240000
8.200000 1.155000 8.200000 9.471000
8.400000 1.155000 8.400000 9.702000
8.600000 1.155000 8.600000 9.933000
8.800000 1.155000 8.800000 10.164000
9.000000 1.155000 9.000000 10.395000
9.200000 1.155000 9.200000 10.626000
9.400000 1.155000 9.400000 10.857000
9.600000 1.155000 9.600000 11.088000
9.800000 1.155000 9.800000 11.319000
10.000000 1.155000 10.000000 11.550000
0.000000 1.160000 0.000000 0.000000
0.200000 1.160000 0.200000 0.232000
0.400000 1.160000 0.400000 0.464000
0.600000 1.160000 0.600000 0.696000
0.800000 1.160000 0.800000 0.928000
1.000000 1.160000 1.000000 1.160000
1.200000 1.160000 1.200000 1.392000
1.400000 1.160000 1.400000 1.624000
1.600000 1.160000 1.600000 1.856000
1.800000 1.160000 1.800000 2.088000
2.000000 1.160000 2.000000 2.320000
2.200000 1.160000 2.200000 2.552000
2.400000 1.160000 2.400000 2.784000
2.600000 1.160000 2.600000 3.016000
2.800000 1.160000 2.800000 3.248000
3.000000 1.160000 3.000000 3.480000
3.200000 1.160000 3.200000 3.712000
3.400000 1.160000 3.400000 3.944000
3.600000 1.160000 3.600000 4.176000
3.800000 1.160000 3.800000 4.408000
4.000000 1.160000 4.000000 4.640000
4.200000 1.160000 4.200000 4.872000
4.400000 1.160000 4.400000 5.104000
4.600000 1.160000 4.600000 5.336000
4.800000 1.160000 4.800000 5.568000
5.000000 1.160000 5.000000 5.800000
5.200000 1.160000 5.200000 6.032000
5.400000 1.160000 5.400000 6.264000
5.600000 1.160000 5.600000 6.496000
5.800000 1.160000 5.800000 6.728000
6.000000 1.160000 6.000000 6.960000
6.200000 1.160000 6.200000 7.192000
6.400000 1.160000 6.400000 7.424000
6.600000 1.160000 6.600000 7.656000
6.800000 1.160000 6.800000 7.888000
7.000000 1.160000 7.000000 8.120000
7.200000 1.160000 7.200000 8.352000
7.400000 1.160000 7.400000 8.584000
7.600000 1.160000 7.600000 8.816000
7.800000 1.160000 7.800000 9.048000
8.000000 1.160000 8.000000 9.280000
8.200000 1.160000 8.200000 9.512000
8.400000 1.160000 8.400000 9.744000
8.600000 1.160000 8.600000 9.976000
8.800000 1.160000 8.800000 10.208000
9.000000 1.160000 9.000000 10.440000
9.200000 1.160000 9.200000 10.672000
9.400000 1.160000 9.400000 10.904000
9.600000 1.160000 9.600000 11.136000
9.800000 1.160000 9.800000 11.368000
10.000000 1.160000 10.000000 11.600000
0.000000 1.165000 0.000000 0.000000
0.200000 1.165000 0.200000 0.233000
0.400000 1.165000 0.400000 0.466000
0.600000 1.165000 0.600000 0.699000
0.800000 1.165000 0.800000 0.932000
1.000000 1.165000 1.000000 1.165000
1.200000 1.165000 1.200000 1.398000
1.400000 1.165000 1.400000 1.631000
1.600000 1.165000 1.600000 1.864000
1.800000 1.165000 1.800000 2.097000
2.000000 1.165000 2.000000 2.330000
2.200000 1.165000 2.200000 2.563000
2.400000 1.165000 2.400000 2.796000
2.600000 1.165000 2.600000 3.029000
2.800000 1.165000 2.800000 3.262000
3.000000 1.165000 3.000000 3.495000
3.200000 1.165000 3.200000 3.728000
3.400000 1.165000 3.400000 3.961000
3.600000 1.165000 3.600000 4.194000
3.800000 1.165000 3.800000 4.427000
4.000000 1.165000 4.000000 4.660000
4.200000 1.165000 4.200000 4.893000
4.400000 1.165000 4.400000 5.126000
4.600000 1.165000 4.600000 5.359000
4.800000 1.165000 4.800000 5.592000
5.000000 1.165000 5.000000 5.825000
5.200000 1.165000 5.200000 6.058000
5.400000 1.165000 5.400000 6.291000
5.600000 1.165000 5.600000 6.524000
5.800000 1.165000 5.800000 6.757000
6.000000 1.165000 6.000000 6.990000
6.200000 1.165000 6.200000 7.223000
6.400000 1.165000 6.400000 7.456000
6.600000 1.165000 6.600000 7.689000
6.800000 1.165000 6.800000 7.922000
7.000000 1.165000 7.000000 8.155000
7.200000 1.165000 7.200000 8.388000
7.400000 1.165000 7.400000 8.621000
7.600000 1.165000 7.600000 8.854000
7.800000 1.165000 7.800000 9.087000
8.000000 1.165000 8.000000 9.320000
8.200000 1.165000 8.200000 9.553000
8.400000 1.165000 8.400000 9.786000
8.600000 1.165000 8.600000 10.019000
8.800000 1.165000 8.800000 10.252000
9.000000 1.165000 9.000000 10.485000
9.200000 1.165000 9.200000 10.718000
9.400000 1.165000 9.400000 10.951000
9.600000 1.165000 9.600000 11.184000
9.800000 1.165000 9.800000 11.417000
10.000000 1.165000 10.000000 11.650000
0.000000 1.170000 0.000000 0.000000
0.200000 1.170000 0.200000 0.234000
0.400000 1.170000 0.400000 0.468000
0.600000 1.170000 0.600000 0.702000
0.800000 1.170000 0.800000 0.936000
1.000000 1.170000 1.000000 1.170000
1.200000 1.170000 1.200000 1.404000
1.400000 1.170000 1.400000 1.638000
1.600000 1.170000 1.600000 1.872000
1.800000 1.170000 1.800000 2.106000
2.000000 1.170000 2.000000 2.340000
2.200000 1.170000 2.200000 2.574000
2.400000 1.170000 2.400000 2.808000
2.600000 1.170000 2.600000 3.042000
2.800000 1.170000 2.800000 3.276000
3.000000 1.170000 3.000000 3.510000
3.200000 1.170000 3.200000 3.744000
3.400000 1.170000 3.400000 3.978000
3.600000 1.170000 3.600000 4.212000
3.800000 1.170000 3.800000 4.446000
4.000000 1.170000 4.000000 4.680000
4.200000 1.170000 4.200000 4.914000
4.400000 1.170000 4.400000 5.148000
4.600000 1.170000 4.600000 5.382000
4.800000 1.170000 4.800000 5.616000
5.000000 1.170000 5.000000 5.850000
5.200000 1.170000 5.200000 6.084000
5.400000 1.170000 5.400000 6.318000
5.600000 1.170000 5.600000 6.552000
5.800000 1.170000 5.800000 6.786000
6.000000 1.170000 6.000000 7.020000
6.200000 1.170000 6.200000 7.254000
6.400000 1.170000 6.400000 7.488000
6.600000 1.170000 6.600000 7.722000
6.800000 1.170000 6.800000 7.956000
7.000000 1.170000 7.000000 8.190000
7.200000 1.170000 7.200000 8.424000
7.400000 1.170000 7.400000 8.658000
7.600000 1.170000 7.600000 8.892000
7.800000 1.170000 7.800000 9.126000
8.000000 1.170000 8.000000 9.360000
8.200000 1.170000 8.200000 9.594000
8.400000 1.170000 8.400000 9.828000
8.600000 1.170000 8.600000 10.062000
8.800000 1.170000 8.800000 10.296000
9.000000 1.170000 9.000000 10.530000
9.200000 1.170000 9.200000 10.764000
9.400000 1.170000 9.400000 10.998000
9.600000 1.170000 9.600000 11.232000
9.800000 1.170000 9.800000 11.466000
10.000000 1.170000 10.000000 11.700000
0.000000 1.175000 0.000000 0.000000
0.200000 1.175000 0.200000 0.235000
0.400000 1.175000 0.400000 0.470000
0.600000 1.175000 0.600000 0.705000
0.800000 1.175000 0.800000 0.940000
1.000000 1.175000 1.000000 1.175000
1.200000 1.175000 1.200000 1.410000
1.400000 1.175000 1.400000 1.645000
1.600000 1.175000 1.600000 1.880000
1.800000 1.175000 1.800000 2.115000
2.000000 1.175000 2.000000 2.350000
2.200000 1.175000 2.200000 2.585000
2.400000 1.175000 2.400000 2.820000
2.600000 1.175000 2.600000 3.055000
2.800000 1.175000 2.800000 3.290000
3.000000 1.175000 3.000000 3.525000
3.200000 1.175000 3.200000 3.760000
3.400000 1.175000 3.400000 3.995000
3.600000 1.175000 3.600000 4.230000
3.800000 1.175000 3.800000 4.465000
4.000000 1.175000 4.000000 4.700000
4.200000 1.175000 4.200000 4.935000
4.400000 1.175000 4.400000 5.170000
4.600000 1.175000 4.600000 5.405000
4.800000 1.175000 4.800000 5.640000
5.000000 1.175000 5.000000 5.875000
5.200000 1.175000 5.200000 6.110000
5.400000 1.175000 5.400000 6.345000
5.600000 1.175000 5.600000 6.580000
5.800000 1.175000 5.800000 6.815000
6.000000 1.175000 6.000000 7.050000
6.200000 1.175000 6.200000 7.285000
6.400000 1.175000 6.400000 7.520000
6.600000 1.175000 6.600000 7.755000
6.800000 1.175000 6.800000 7.990000
7.000000 1.175000 7.000000 8.225000
7.200000 1.175000 7.200000 8.460000
7.400000 1.175000 7.400000 8.695000
7.600000 1.175000 7.600000 8.930000
7.800000 1.175000 7.800000 9.165000
8.000000 1.175000 8.000000 9.400000
8.200000 1.175000 8.200000 9.635000
8.400000 1.175000 8.400000 9.870000
8.600000 1.175000 8.600000 10.105000
8.800000 1.175000 8.800000 10.340000
9.000000 1.175000 9.000000 10.575000
9.200000 1.175000 9.200000 10.810000
9.400000 1.175000 9.400000 11.045000
9.600000 1.175000 9.600000 11.280000
9.800000 1.175000 9.800000 11.515000
10.000000 1.175000 10.000000 11.750000
0.000000 1.180000 0.000000 0.000000
0.200000 1.180000 0.200000 0.236000
0.400000 1.180000 0.400000 0.472000
0.600000 1.180000 0.600000 0.708000
0.800000 1.180000 0.800000 0.944000
1.000000 1.180000 1.000000 1.180000
1.200000 1.180000 1.200000 1.416000
1.400000 1.180000 1.400000 1.652000
1.600000 1.180000 1.600000 1.888000
1.800000 1.180000 1.800000 2.124000
2.000000 1.180000 2.000000 2.360000
2.200000 1.180000 2.200000 2.596000
2.400000 1.180000 2.400000 2.832000
2.600000 1.180000 2.600000 3.068000
2.800000 1.180000 2.800000 3.304000
3.000000 1.180000 3.000000 3.540000
3.200000 1.180000 3.200000 3.776000
3.400000 1.180000 3.400000 4.012000
3.600000 1.180000 3.600000 4.248000
3.800000 1.180000 3.800000 4.484000
4.000000 1.180000 4.000000 4.720000
4.200000 1.180000 4.200000 4.956000
4.400000 1.180000 4.400000 5.192000
4.600000 1.180000 4.600000 5.428000
4.800000 1.180000 4.800000 5.664000
5.000000 1.180000 5.000000 5.900000
5.200000 1.180000 5.200000 6.136000
5.400000 1.180000 5.400000 6.372000
5.600000 1.180000 5.600000 6.608000
5.800000 1.180000 5.800000 6.844000
6.000000 1.180000 6.000000 7.080000
6.200000 1.180000 6.200000 7.316000
6.400000 1.180000 6.400000 7.552000
6.600000 1.180000 6.600000 7.788000
6.800000 1.180000 6.800000 8.024000
7.000000 1.180000 7.000000 8.260000
7.200000 1.180000 7.200000 8.496000
7.400000 1.180000 7.400000 8.732000
7.600000 1.180000 7.600000 8.968000
7.800000 1.180000 7.800000 9.204000
8.000000 1.180000 8.000000 9.440000
8.200000 1.180000 8.200000 9.676000
8.400000 1.180000 8.400000 9.912000
8.600000 1.180000 8.600000 10.148000
8.800000 1.180000 8.800000 10.384000
9.000000 1.180000 9.000000 10.620000
9.200000 1.180000 9.200000 10.856000
9.400000 1.180000 9.400000 11.092000
9.600000 1.180000 9.600000 11.328000
9.800000 1.180000 9.800000 11.564000
10.000000 1.180000 10.000000 11.800000
0.000000 1.185000 0.000000 0.000000
0.200000 1.185000 0.200000 0.237000
0.400000 1.185000 0.400000 0.474000
0.600000 1.185000 0.600000 0.711000
0.800000 1.185000 0.800000 0.948000
1.000000 1.185000 1.000000 1.185000
1.200000 1.185000 1.200000 1.422000
1.400000 1.185000 1.400000 1.659000
1.600000 1.185000 1.600000 1.896000
1.800000 1.185000 1.800000 2.133000
2.000000 1.185000 2.000000 2.370000
2.200000 1.185000 2.200000 2.607000
2.400000 1.185000 2.400000 2.844000
2.600000 1.185000 2.600000 3.081000
2.800000 1.185000 2.800000 3.318000
3.000000 1.185000 3.000000 3.555000
3.200000 1.185000 3.200000 3.792000
3.400000 1.185000 3.400000 4.029000
3.600000 1.185000 3.600000 4.266000
3.800000 1.185000 3.800000 4.503000
4.000000 1.185000 4.000000 4.740000
4.200000 1.185000 4.200000 4.977000
4.400000 1.185000 4.400000 5.214000
4.600000 1.185000 4.600000 5.451000
4.800000 1.185000 4.800000 5.688000
5.000000 1.185000 5.000000 5.925000
5.200000 1.185000 5.200000 6.162000
5.400000 1.185000 5.400000 6.399000
5.600000 1.185000 5.600000 6.636000
5.800000 1.185000 5.800000 6.873000
6.000000 1.185000 6.000000 7.110000
6.200000 1.185000 6.200000 7.347000
6.400000 1.185000 6.400000 7.584000
6.600000 1.185000 6.600000 7.821000
6.800000 1.185000 6.800000 8.058000
7.000000 1.185000 7.000000 8.295000
7.200000 1.185000 7.200000 8.532000
7.400000 1.185000 7.400000 8.769000
7.600000 1.185000 7.600000 9.006000
7.800000 1.185000 7.800000 9.243000
8.000000 1.185000 8.000000 9.480000
8.200000 1.185000 8.200000 9.717000
8.400000 1.185000 8.400000 9.954000
8.600000 1.185000 8.600000 10.191000
8.800000 1.185000 8.800000 10.428000
9.000000 1.185000 9.000000 10.665000
9.200000 1.185000 9.200000 10.902000
9.400000 1.185000 9.400000 11.139000
9.600000 1.185000 9.600000 11.376000
9.800000 1.185000 9.800000 11.613000
10.000000 1.185000 10.000000 11.850000
0.000000 1.190000 0.000000 0.000000
0.200000 1.190000 0.200000 0.238000
0.400000 1.190000 0.400000 0.476000
0.600000 1.190000 0.600000 0.714000
0.800000 1.190000 0.800000 0.952000
1.000000 1.190000 1.000000 1.190000
1.200000 1.190000 1.200000 1.428000
1.400000 1.190000 1.400000 1.666000
1.600000 1.190000 1.600000 1.904000
1.800000 1.190000 1.800000 2.142000
2.000000 1.190000 2.000000 2.380000
2.200000 1.190000 2.200000 2.618000
2.400000 1.190000 2.400000 2.856000
2.600000 1.190000 2.600000 3.094000
2.800000 1.190000 2.800000 3.332000
3.000000 1.190000 3.000000 3.570000
3.200000 1.190000 3.200000 3.808000
3.400000 1.190000 3.400000 4.046000
3.600000 1.190000 3.600000 4.284000
3.800000 1.190000 3.800000 4.522000
4.000000 1.190000 4.000000 4.760000
4.200000 1.190000 4.200000 4.998000
4.400000 1.190000 4.400000 5.236000
4.600000 1.190000 4.600000 5.474000
4.800000 1.190000 4.800000 5.712000
5.000000 1.190000 5.000000 5.950000
5.200000 1.190000 5.200000 6.188000
5.400000 1.190000 5.400000 6.426000
5.600000 1.190000 5.600000 6.664000
5.800000 1.190000 5.800000 6.902000
6.000000 1.190000 6.000000 7.140000
6.200000 1.190000 6.200000 7.378000
6.400000 1.190000 6.400000 7.616000
6.600000 1.190000 6.600000 7.854000
6.800000 1.190000 6.800000 8.092000
7.000000 1.190000 7.000000 8.330000
7.200000 1.190000 7.200000 8.568000
7.400000 1.190000 7.400000 8.806000
7.600000 1.190000 7.600000 9.044000
7.800000 1.190000 7.800000 9.282000
8.000000 1.190000 8.000000 9.520000
8.200000 1.190000 8.200000 9.758000
8.400000 1.190000 8.400000 9.996000
8.600000 1.190000 8.600000 10.234000
8.800000 1.190000 8.800000 10.472000
9.000000 1.190000 9.000000 10.710000
9.200000 1.190000 9.200000 10.948000
9.400000 1.190000 9.400000 11.186000
9.600000 1.190000 9.600000 11.424000
9.800000 1.190000 9.800000 11.662000
10.000000 1.190000 10.000000 11.900000
0.000000 1.195000 0.000000 0.000000
0.200000 1.195000 0.200000 0.239000
0.400000 1.195000 0.400000 0.478000
0.600000 1.195000 0.600000 0.717000
0.800000 1.195000 0.800000 0.956000
1.000000 1.195000 1.000000 1.195000
1.200000 1.195000 1.200000 1.434000
1.400000 1.195000 1.400000 1.673000
1.600000 1.195000 1.600000 1.912000
1.800000 1.195000 1.800000 2.151000
2.000000 1.195000 2.000000 2.390000
2.200000 1.195000 2.200000 2.629000
2.400000 1.195000 2.400000 2.868000
2.600000 1.195000 2.600000 3.107000
2.800000 1.195000 2.800000 3.346000
3.000000 1.195000 3.000000 3.585000
3.200000 1.195000 3.200000 3.824000
3.400000 1.195000 3.400000 4.063000
3.600000 1.195000 3.600000 4.302000
3.800000 1.195000 3.800000 4.541000
4.000000 1.195000 4.000000 4.780000
4.200000 1.195000 4.200000 5.019000
4.400000 1.195000 4.400000 5.258000
4.600000 1.195000 4.600000 5.497000
4.800000 1.195000 4.800000 5.736000
5.000000 1.195000 5.000000 5.975000
5.200000 1.195000 5.200000 6.214000
5.400000 1.195000 5.400000 6.453000
5.600000 1.195000 5.600000 6.692000
5.800000 1.195000 5.800000 6.931000
6.000000 1.195000 6.000000 7.170000
6.200000 1.195000 6.200000 7.409000
6.400000 1.195000 6.400000 7.648000
6.600000 1.195000 6.600000 7.887000
6.800000 1.195000 6.800000 8.126000
7.000000 1.195000 7.000000 8.365000
7.200000 1.195000 7.200000 8.604000
7.400000 1.195000 7.400000 8.843000
7.600000 1.195000 7.600000 9.082000
7.800000 1.195000 7.800000 9.321000
8.000000 1.195000 8.000000 9.560000
8.200000 1.195000 8.200000 9.799000
8.400000 1.195000 8.400000 10.038000
8.600000 1.195000 8.600000 10.277000
8.800000 1.195000 8.800000 10.516000
9.000000 1.195000 9.000000 10.755000
9.200000 1.195000 9.200000 10.994000
9.400000 1.195000 9.400000 11.233000
9.600000 1.195000 9.600000 11.472000
9.800000 1.195000 9.800000 11.711000
10.000000 1.195000 10.000000 11.950000
0.000000 1.200000 0.000000 0.000000
0.200000 1.200000 0.200000 0.240000
0.400000 1.200000 0.400000 0.480000
0.600000 1.200000 0.600000 0.720000
0.800000 1.200000 0.800000 0.960000
1.000000 1.200000 1.000000 1.200000
1.200000 1.200000 1.200000 1.440000
1.400000 1.200000 1.400000 1.680000
1.600000 1.200000 1.600000 1.920000
1.800000 1.200000 1.800000 2.160000
2.000000 1.200000 2.000000 2.400000
2.200000 1.200000 2.200000 2.640000
2.400000 1.200000 2.400000 2.880000
2.600000 1.200000 2.600000 3.120000
2.800000 1.200000 2.800000 3.360000
3.000000 1.200000 3.000000 3.600000
3.200000 1.200000 3.200000 3.840000
3.400000 1.200000 3.400000 4.080000
3.600000 1.200000 3.600000 4.320000
3.800000 1.200000 3.800000 4.560000
4.000000 1.200000 4.000000 4.800000
4.200000 1.200000 4.200000 5.040000
4.400000 1.200000 4.400000 5.280000
4.600000 1.200000 4.600000 5.520000
4.800000 1.200000 4.800000 5.760000
5.000000 1.200000 5.000000 6.000000
5.200000 1.200000 5.200000 6.240000
5.400000 1.200000 5.400000 6.480000
5.600000 1.200000 5.600000 6.720000
5.800000 1.200000 5.800000 6.960000
6.000000 1.200000 6.000000 7.200000
6.200000 1.200000 6.200000 7.440000
6.400000 1.200000 6.400000 7.680000
6.600000 1.200000 6.600000 7.920000
6.800000 1.200000 6.800000 8.160000
7.000000 1.200000 7.000000 8.400000
7.200000 1.200000 7.200000 8.640000
7.400000 1.200000 7.400000 8.880000
7.600000 1.200000 7.600000 9.120000
7.800000 1.200000 7.800000 9.360000
8.000000 1.200000 8.000000 9.600000
8.200000 1.200000 8.200000 9.840000
8.400000 1.200000 8.400000 10.080000
8.600000 1.200000 8.600000 10.320000
8.800000 1.200000 8.800000 10.560000
9.000000 1.200000 9.000000 10.800000
9.200000 1.200000 9.200000 11.040000
9.400000 1.200000 9.400000 11.280000
9.600000 1.200000 9.600000 11.520000
9.800000 1.200000 9.800000 11.760000
10.000000 1.200000 10.000000 12.000000
0.000000 1.205000 0.000000 0.000000
0.200000 1.205000 0.200000 0.241000
0.400000 1.205000 0.400000 0.482000
0.600000 1.205000 0.600000 0.723000
0.800000 1.205000 0.800000 0.964000
1.000000 1.205000 1.000000 1.205000
1.200000 1.205000 1.200000 1.446000
1.400000 1.205000 1.400000 1.687000
1.600000 1.205000 1.600000 1.928000
1.800000 1.205000 1.800000 2.169000
2.000000 1.205000 2.000000 2.410000
2.200000 1.205000 2.200000 2.651000
2.400000 1.205000 2.400000 2.892000
2.600000 1.205000 2.600000 3.133000
2.800000 1.205000 2.800000 3.374000
3.000000 1.205000 3.000000 3.615000
3.200000 1.205000 3.200000 3.856000
3.400000 1.205000 3.400000 4.097000
3.600000 1.205000 3.600000 4.338000
3.800000 1.205000 3.800000 4.579000
4.000000 1.205000 4.000000 4.820000
4.200000 1.205000 4.200000 5.061000
4.400000 1.205000 4.400000 5.302000
4.600000 1.205000 4.600000 5.543000
4.800000 1.205000 4.800000 5.784000
5.000000 1.205000 5.000000 6.025000
5.200000 1.205000 5.200000 6.266000
5.400000 1.205000 5.400000 6.507000
5.600000 1.205000 5.600000 6.748000
5.800000 1.205000 5.800000 6.989000
6.000000 1.205000 6.000000 7.230000
6.200000 1.205000 6.200000 7.471000
6.400000 1.205000 6.400000 7.712000
6.600000 1.205000 6.600000 7.953000
6.800000 1.205000 6.800000 8.194000
7.000000 1.205000 7.000000 8.435000
7.200000 1.205000 7.200000 8.676000
7.400000 1.205000 7.400000 8.917000
7.600000 1.205000 7.600000 9.158000
7.800000 1.205000 7.800000 9.399000
8.000000 1.205000 8.000000 9.640000
8.200000 1.205000 8.200000 9.881000
8.400000 1.205000 8.400000 10.122000
8.600000 1.205000 8.600000 10.363000
8.800000 1.205000 8.800000 10.604000
9.000000 1.205000 9.000000 10.845000
9.200000 1.205000 9.200000 11.086000
9.400000 1.205000 9.400000 11.327000
9.600000 1.205000 9.600000 11.568000
9.800000 1.205000 9.800000 11.809000
10.000000 1.205000 10.000000 12.050000
0.000000 1.210000 0.000000 0.000000
0.200000 1.210000 0.200000 0.242000
0.400000 1.210000 0.400000 0.484000
0.600000 1.210000 0.600000 0.726000
0.800000 1.210000 0.800000 0.968000
1.000000 1.210000 1.000000 1.210000
1.200000 1.210000 1.200000 1.452000
1.400000 1.210000 1.400000 1.694000
1.600000 1.210000 1.600000 1.936000
1.800000 1.210000 1.800000 2.178000
2.000000 1.210000 2.000000 2.420000
2.200000 1.210000 2.200000 2.662000
2.400000 1.210000 2.400000 2.904000
2.600000 1.210000 2.600000 3.146000
2.800000 1.210000 2.800000 3.388000
3.000000 1.210000 3.000000 3.630000
3.200000 1.210000 3.200000 3.872000
3.400000 1.210000 3.400000 4.114000
3.600000 1.210000 3.600000 4.356000
3.800000 1.210000 3.800000 4.598000
4.000000 1.210000 4.000000 4.840000
4.200000 1.210000 4.200000 5.082000
4.400000 1.210000 4.400000 5.324000
4.600000 1.210000 4.600000 5.566000
4.800000 1.210000 4.800000 5.808000
5.000000 1.210000 5.000000 6.050000
5.200000 1.210000 5.200000 6.292000
5.400000 1.210000 5.400000 6.534000
5.600000 1.210000 5.600000 6.776000
5.800000 1.210000 5.800000 7.018000
6.000000 1.210000 6.000000 7.260000
6.200000 1.210000 6.200000 7.502000
6.400000 1.210000 6.400000 7.744000
6.600000 1.210000 6.600000 7.986000
6.800000 1.210000 6.800000 8.228000
7.000000 1.210000 7.000000 8.470000
7.200000 1.210000 7.200000 8.712000
7.400000 1.210000 7.400000 8.954000
7.600000 1.210000 7.600000 9.196000
7.800000 1.210000 7.800000 9.438000
8.000000 1.210000 8.000000 9.680000
8.200000 1.210000 8.200000 9.922000
8.400000 1.210000 8.400000 10.164000
8.600000 1.210000 8.600000 10.406000
8.800000 1.210000 8.800000 10.648000
9.000000 1.210000 9.000000 10.890000
9.200000 1.210000 9.200000 11.132000
9.400000 1.210000 9.400000 11.374000
9.600000 1.210000 9.600000 11.616000
9.800000 1.210000 9.800000 11.858000
10.000000 1.210000 10.000000 12.100000
0.000000 1.215000 0.000000 0.000000
0.200000 1.215000 0.200000 0.243000
0.400000 1.215000 0.400000 0.486000
0.600000 1.215000 0.600000 0.729000
0.800000 1.215000 0.800000 0.972000
1.000000 1.215000 1.000000 1.215000
1.200000 1.215000 1.200000 1.458000
1.400000 1.215000 1.400000 1.701000
1.600000 1.215000 1.600000 1.944000
1.800000 1.215000 1.800000 2.187000
2.000000 1.215000 2.000000 2.430000
2.200000 1.215000 2.200000 2.673000
2.400000 1.215000 2.400000 2.916000
2.600000 1.215000 2.600000 3.159000
2.800000 1.215000 2.800000 3.402000
3.000000 1.215000 3.000000 3.645000
3.200000 1.215000 3.200000 3.888000
3.400000 1.215000 3.400000 4.131000
3.600000 1.215000 3.600000 4.374000
3.800000 1.215000 3.800000 4.617000
4.000000 1.215000 4.000000 4.860000
4.200000 1.215000 4.200000 5.103000
4.400000 1.215000 4.400000 5.346000
4.600000 1.215000 4.600000 5.589000
4.800000 1.215000 4.800000 5.832000
5.000000 1.215000 5.000000 6.075000
5.200000 1.215000 5.200000 6.318000
5.400000 1.215000 5.400000 6.561000
5.600000 1.215000 5.600000 6.804000
5.800000 1.215000 5.800000 7.047000
6.000000 1.215000 6.000000 7.290000
6.200000 1.215000 6.200000 7.533000
6.400000 1.215000 6.400000 7.776000
6.600000 1.215000 6.600000 8.019000
6.800000 1.215000 6.800000 8.262000
7.000000 1.215000 7.000000 8.505000
7.200000 1.215000 7.200000 8.748000
7.400000 1.215000 7.400000 8.991000
7.600000 1.215000 7.600000 9.234000
7.800000 1.215000 7.800000 9.477000
8.000000 1.215000 8.000000 9.720000
8.200000 1.215000 8.200000 9.963000
8.400000 1.215000 8.400000 10.206000
8.600000 1.215000 8.600000 10.449000
8.800000 1.215000 8.800000 10.692000
9.000000 1.215000 9.000000 10.935000
9.200000 1.215000 9.200000 11.178000
9.400000 1.215000 9.400000 11.421000
9.600000 1.215000 9.600000 11.664000
9.800000 1.215000 9.800000 11.907000
10.000000 1.215000 10.000000 12.150000
0.000000 1.220000 0.000000 0.000000
0.200000 1.220000 0.200000 0.244000
0.400000 1.220000 0.400000 0.488000
0.600000 1.220000 0.600000 0.732000
0.800000 1.220000 0.800000 0.976000
1.000000 1.220000 1.000000 1.220000
1.200000 1.220000 1.200000 1.464000
1.400000 1.220000 1.400000 1.708000
1.600000 1.220000 1.600000 1.952000
1.800000 1.220000 1.800000 2.196000
2.000000 1.220000 2.000000 2.440000
2.200000 1.220000 2.200000 2.684000
2.400000 1.220000 2.400000 2.928000
2.600000 1.220000 2.600000 3.172000
2.800000 1.220000 2.800000 3.416000
3.000000 1.220000 3.000000 3.660000
3.200000 1.220000 3.200000 3.904000
3.400000 1.220000 3.400000 4.148000
3.600000 1.220000 3.600000 4.392000
3.800000 1.220000 3.800000 4.636000
4.000000 1.220000 4.000000 4.880000
4.200000 1.220000 4.200000 5.124000
4.400000 1.220000 4.400000 5.368000
4.600000 1.220000 4.600000 5.612000
4.800000 1.220000 4.800000 5.856000
5.000000 1.220000 5.000000 6.100000
5.200000 1.220000 5.200000 6.344000
5.400000 1.220000 5.400000 6.588000
5.600000 1.220000 5.600000 6.832000
5.800000 1.220000 5.800000 7.076000
6.000000 1.220000 6.000000 7.320000
6.200000 1.220000 6.200000 7.564000
6.400000 1.220000 6.400000 7.808000
6.600000 1.220000 6.600000 8.052000
6.800000 1.220000 6.800000 8.296000
7.000000 1.220000 7.000000 8.540000
7.200000 1.220000 7.200000 8.784000
7.400000 1.220000 7.400000 9.028000
7.600000 1.220000 7.600000 9.272000
7.800000 1.220000 7.800000 9.516000
8.000000 1.220000 8.000000 9.760000
8.200000 1.220000 8.200000 10.004000
8.400000 1.220000 8.400000 10.248000
8.600000 1.220000 8.600000 10.492000
8.800000 1.220000 8.800000 10.736000
9.000000 1.220000 9.000000 10.980000
9.200000 1.220000 9.200000 11.224000
9.400000 1.220000 9.400000 11.468000
9.600000 1.220000 9.600000 11.712000
9.800000 1.220000 9.800000 11.956000
10.000000 1.220000 10.000000 12.200000
0.000000 1.225000 0.000000 0.000000
0.200000 1.225000 0.200000 0.245000
0.400000 1.225000 0.400000 0.490000
0.600000 1.225000 0.600000 0.735000
0.800000 1.225000 0.800000 0.980000
1.000000 1.225000 1.000000 1.225000
1.200000 1.225000 1.200000 1.470000
1.400000 1.225000 1.400000 1.715000
1.600000 1.225000 1.600000 1.960000
1.800000 1.225000 1.800000 2.205000
2.000000 1.225000 2.000000 2.450000
2.200000 1.225000 2.200000 2.695000
2.400000 1.225000 2.400000 2.940000
2.600000 1.225000 2.600000 3.185000
2.800000 1.225000 2.800000 3.430000
3.000000 1.225000 3.000000 3.675000
3.200000 1.225000 3.200000 3.920000
3.400000 1.225000 3.400000 4.165000
3.600000 1.225000 3.600000 4.410000
3.800000 1.225000 3.800000 4.655000
4.000000 1.225000 4.000000 4.900000
4.200000 1.225000 4.200000 5.145000
4.400000 1.225000 4.400000 5.390000
4.600000 1.225000 4.600000 5.635000
4.800000 1.225000 4.800000 5.880000
5.000000 1.225000 5.000000 6.125000
5.200000 1.225000 5.200000 6.370000
5.400000 1.225000 5.400000 6.615000
5.600000 1.225000 5.600000 6.860000
5.800000 1.225000 5.800000 7.105000
6.000000 1.225000 6.000000 7.350000
6.200000 1.225000 6.200000 7.595000
6.400000 1.225000 6.400000 7.840000
6.600000 1.225000 6.600000 8.085000
6.800000 1.225000 6.800000 8.330000
7.000000 1.225000 7.000000 8.575000
7.200000 1.225000 7.200000 8.820000
7.400000 1.225000 7.400000 9.065000
7.600000 1.225000 7.600000 9.310000
7.800000 1.225000 7.800000 9.555000
8.000000 1.225000 8.000000 9.800000
8.200000 1.225000 8.200000 10.045000
8.400000 1.225000 8.400000 10.290000
8.600000 1.225000 8.600000 10.535000
8.800000 1.225000 8.800000 10.780000
9.000000 1.225000 9.000000 11.025000
9.200000 1.225000 9.200000 11.270000
9.400000 1.225000 9.400000 11.515000
9.600000 1.225000 9.600000 11.760000
9.800000 1.225000 9.800000 12.005000
10.000000 1.225000 10.000000 12.250000
0.000000 1.230000 0.000000 0.000000
0.200000 1.230000 0.200000 0.246000
0.400000 1.230000 0.400000 0.492000
0.600000 1.230000 0.600000 0.738000
0.800000 1.230000 0.800000 0.984000
1.000000 1.230000 1.000000 1.230000
1.200000 1.230000 1.200000 1.476000
1.400000 1.230000 1.400000 1.722000
1.600000 1.230000 1.600000 1.968000
1.800000 1.230000 1.800000 2.214000
2.000000 1.230000 2.000000 2.460000
2.200000 1.230000 2.200000 2.706000
2.400000 1.230000 2.400000 2.952000
2.600000 1.230000 2.600000 3.198000
2.800000 1.230000 2.800000 3.444000
3.000000 1.230000 3.000000 3.690000
3.200000 1.230000 3.200000 3.936000
3.400000 1.230000 3.400000 4.182000
3.600000 1.230000 3.600000 4.428000
3.800000 1.230000 3.800000 4.674000
4.000000 1.230000 4.000000 4.920000
4.200000 1.230000 4.200000 5.166000
4.400000 1.230000 4.400000 5.412000
4.600000 1.230000 4.600000 5.658000
4.800000 1.230000 4.800000 5.904000
5.000000 1.230000 5.000000 6.150000
5.200000 1.230000 5.200000 6.396000
5.400000 1.230000 5.400000 6.642000
5.600000 1.230000 5.600000 6.888000
5.800000 1.230000 5.800000 7.134000
6.000000 1.230000 6.000000 7.380000
6.200000 1.230000 6.200000 7.626000
6.400000 1.230000 6.400000 7.872000
6.600000 1.230000 6.600000 8.118000
6.800000 1.230000 6.800000 8.364000
7.000000 1.230000 7.000000 8.610000
7.200000 1.230000 7.200000 8.856000
7.400000 1.230000 7.400000 9.102000
7.600000 1.230000 7.600000 9.348000
7.800000 1.230000 7.800000 9.594000
8.000000 1.230000 8.000000 9.840000
8.200000 1.230000 8.200000 10.086000
8.400000 1.230000 8.400000 10.332000
8.600000 1.230000 8.600000 10.578000
8.800000 1.230000 8.800000 10.824000
9.000000 1.230000 9.000000 11.070000
9.200000 1.230000 9.200000 11.316000
9.400000 1.230000 9.400000 11.562000
9.600000 1.230000 9.600000 11.808000
9.800000 1.230000 9.800000 12.054000
10.000000 1.230000 10.000000 12.300000
0.000000 1.235000 0.000000 0.000000
0.200000 1.235000 0.200000 0.247000
0.400000 1.235000 0.400000 0.494000
0.600000 1.235000 0.600000 0.741000
0.800000 1.235000 0.800000 0.988000
1.000000 1.235000 1.000000 1.235000
1.200000 1.235000 1.200000 1.482000
1.400000 1.235000 1.400000 1.729000
1.600000 1.235000 1.600000 1.976000
1.800000 1.235000 1.800000 2.223000
2.000000 1.235000 2.000000 2.470000
2.200000 1.235000 2.200000 2.717000
2.400000 1.235000 2.400000 2.964000
2.600000 1.235000 2.600000 3.211000
2.800000 1.235000 2.800000 3.458000
3.000000 1.235000 3.000000 3.705000
3.200000 1.235000 3.200000 3.952000
3.400000 1.235000 3.400000 4.199000
3.600000 1.235000 3.600000 4.446000
3.800000 1.235000 3.800000 4.693000
4.000000 1.235000 4.000000 4.940000
4.200000 1.235000 4.200000 5.187000
4.400000 1.235000 4.400000 5.434000
4.600000 1.235000 4.600000 5.681000
4.800000 1.235000 4.800000 5.928000
5.000000 1.235000 5.000000 6.175000
5.200000 1.235000 5.200000 6.422000
5.400000 1.235000 5.400000 6.669000
5.600000 1.235000 5.600000 6.916000
5.800000 1.235000 5.800000 7.163000
6.000000 1.235000 6.000000 7.410000
6.200000 1.235000 6.200000 7.657000
6.400000 1.235000 6.400000 7.904000
6.600000 1.235000 6.600000 8.151000
6.800000 1.235000 6.800000 8.398000
7.000000 1.235000 7.000000 8.645000
7.200000 1.235000 7.200000 8.892000
7.400000 1.235000 7.400000 9.139000
7.600000 1.235000 7.600000 9.386000
7.800000 1.235000 7.800000 9.633000
8.000000 1.235000 8.000000 9.880000
8.200000 1.235000 8.200000 10.127000
8.400000 1.235000 8.400000 10.374000
8.600000 1.235000 8.600000 10.621000
8.800000 1.235000 8.800000 10.868000
9.000000 1.235000 9.000000 11.115000
9.200000 1.235000 9.200000 11.362000
9.400000 1.235000 9.400000 11.609000
9.600000 1.235000 9.600000 11.856000
9.800000 1.235000 9.800000 12.103000
10.000000 1.235000 10.000000 12.350000
0.000000 1.240000 0.000000 0.000000
0.200000 1.240000 0.200000 0.248000
0.400000 1.240000 0.400000 0.496000
0.600000 1.240000 0.600000 0.744000
0.800000 1.240000 0.800000 0.992000
1.000000 1.240000 1.000000 1.240000
1.200000 1.240000 1.200000 1.488000
1.400000 1.240000 1.400000 1.736000
1.600000 1.240000 1.600000 1.984000
1.800000 1.240000 1.800000 2.232000
2.000000 1.240000 2.000000 2.480000
2.200000 1.240000 2.200000 2.728000
2.400000 1.240000 2.400000 2.976000
2.600000 1.240000 2.600000 3.224000
2.800000 1.240000 2.800000 3.472000
3.000000 1.240000 3.000000 3.720000
3.200000 1.240000 3.200000 3.968000
3.400000 1.240000 3.400000 4.216000
3.600000 1.240000 3.600000 4.464000
3.800000 1.240000 3.800000 4.712000
4.000000 1.240000 4.000000 4.960000
4.200000 1.240000 4.200000 5.208000
4.400000 1.240000 4.400000 5.456000
4.600000 1.240000 4.600000 5.704000
4.800000 1.240000 4.800000 5.952000
5.000000 1.240000 5.000000 6.200000
5.200000 1.240000 5.200000 6.448000
5.400000 1.240000 5.400000 6.696000
5.600000 1.240000 5.600000 6.944000
5.800000 1.240000 5.800000 7.192000
6.000000 1.240000 6.000000 7.440000
6.200000 1.240000 6.200000 7.688000
6.400000 1.240000 6.400000 7.936000
6.600000 1.240000 6.600000 8.184000
6.800000 1.240000 6.800000 8.432000
7.000000 1.240000 7.000000 8.680000
7.200000 1.240000 7.200000 8.928000
7.400000 1.240000 7.400000 9.176000
7.600000 1.240000 7.600000 9.424000
7.800000 1.240000 7.800000 9.672000
8.000000 1.240000 8.000000 9.920000
8.200000 1.240000 8.200000 10.168000
8.400000 1.240000 8.400000 10.416000
8.600000 1.240000 8.600000 10.664000
8.800000 1.240000 8.800000 10.912000
9.000000 1.240000 9.000000 11.160000
9.200000 1.240000 9.200000 11.408000
9.400000 1.240000 9.400000 11.656000
9.600000 1.240000 9.600000 11.904000
9.800000 1.240000 9.800000 12.152000
10.000000 1.240000 10.000000 12.400000
0.000000 1.245000 0.000000 0.000000
0.200000 1.245000 0.200000 0.249000
0.400000 1.245000 0.400000 0.498000
0.600000 1.245000 0.600000 0.747000
0.800000 1.245000 0.800000 0.996000
1.000000 1.245000 1.000000 1.245000
1.200000 1.245000 1.200000 1.494000
1.400000 1.245000 1.400000 1.743000
1.600000 1.245000 1.600000 1.992000
1.800000 1.245000 1.800000 2.241000
2.000000 1.245000 2.000000 2.490000
2.200000 1.245000 2.200000 2.739000
2.400000 1.245000 2.400000 2.988000
2.600000 1.245000 2.600000 3.237000
2.800000 1.245000 2.800000 3.486000
3.000000 1.245000 3.000000 3.735000
3.200000 1.245000 3.200000 3.984000
3.400000 1.245000 3.400000 4.233000
3.600000 1.245000 3.600000 4.482000
3.800000 1.245000 3.800000 4.731000
4.000000 1.245000 4.000000 4.980000
4.200000 1.245000 4.200000 5.229000
4.400000 1.245000 4.400000 5.478000
4.600000 1.245000 4.600000 5.727000
4.800000 1.245000 4.800000 5.976000
5.000000 1.245000 5.000000 6.225000
5.200000 1.245000 5.200000 6.474000
5.400000 1.245000 5.400000 6.723000
5.600000 1.245000 5.600000 6.972000
5.800000 1.245000 5.800000 7.221000
6.000000 1.245000 6.000000 7.470000
6.200000 1.245000 6.200000 7.719000
6.400000 1.245000 6.400000 7.968000
6.600000 1.245000 6.600000 8.217000
6.800000 1.245000 6.800000 8.466000
7.000000 1.245000 7.000000 8.715000
7.200000 1.245000 7.200000 8.964000
7.400000 1.245000 7.400000 9.213000
7.600000 1.245000 7.600000 9.462000
7.800000 1.245000 7.800000 9.711000
8.000000 1.245000 8.000000 9.960000
8.200000 1.245000 8.200000 10.209000
8.400000 1.245000 8.400000 10.458000
8.600000 1.245000 8.600000 10.707000
8.800000 1.245000 8.800000 10.956000
9.000000 1.245000 9.000000 11.205000
9.200000 1.245000 9.200000 11.454000
9.400000 1.245000 9.400000 11.703000
9.600000 1.245000 9.600000 11.952000
9.800000 1.245000 9.800000 12.201000
10.000000 1.245000 10.000000 12.450000
0.000000 1.250000 0.000000 0.000000
0.200000 1.250000 0.200000 0.250000
0.400000 1.250000 0.400000 0.500000
0.600000 1.250000 0.600000 0.750000
0.800000 1.250000 0.800000 1.000000
1.000000 1.250000 1.000000 1.250000
1.200000 1.250000 1.200000 1.500000
1.400000 1.250000 1.400000 1.750000
1.600000 1.250000 1.600000 2.000000
1.800000 1.250000 1.800000 2.250000
2.000000 1.250000 2.000000 2.500000
2.200000 1.250000 2.200000 2.750000
2.400000 1.250000 2.400000 3.000000
2.600000 1.250000 2.600000 3.250000
2.800000 1.250000 2.800000 3.500000
3.000000 1.250000 3.000000 3.750000
3.200000 1.250000 3.200000 4.000000
3.400000 1.250000 3.400000 4.250000
3.600000 1.250000 3.600000 4.500000
3.800000 1.250000 3.800000 4.750000
4.000000 1.250000 4.000000 5.000000
4.200000 1.250000 4.200000 5.250000
4.400000 1.250000 4.400000 5.500000
4.600000 1.250000 4.600000 5.750000
4.800000 1.250000 4.800000 6.000000
5.000000 1.250000 5.000000 6.250000
5.200000 1.250000 5.200000 6.500000
5.400000 1.250000 5.400000 6.750000
5.600000 1.250000 5.600000 7.000000
5.800000 1.250000 5.800000 7.250000
6.000000 1.250000 6.000000 7.500000
6.200000 1.250000 6.200000 7.750000
6.400000 1.250000 6.400000 8.000000
6.600000 1.250000 6.600000 8.250000
6.800000 1.250000 6.800000 8.500000
7.000000 1.250000 7.000000 8.750000
7.200000 1.250000 7.200000 9.000000
7.400000 1.250000 7.400000 9.250000
7.600000 1.250000 7.600000 9.500000
7.800000 1.250000 7.800000 9.750000
8.000000 1.250000 8.000000 10.000000
8.200000 1.250000 8.200000 10.250000
8.400000 1.250000 8.400000 10.500000
8.600000 1.250000 8.600000 10.750000
8.800000 1.250000 8.800000 11.000000
9.000000 1.250000 9.000000 11.250000
9.200000 1.250000 9.200000 11.500000
9.400000 1.250000 9.400000 11.750000
9.600000 1.250000 9.600000 12.000000
9.800000 1.250000 9.800000 12.250000
10.000000 1.250000 10.000000 12.500000
