8.377580 0.000000 8.377580 8.377580
8.322100 0.000000 8.322100 8.322100
8.267349 0.000000 8.267349 8.267349
8.213314 0.000000 8.213314 8.213314
8.159981 0.000000 8.159981 8.159981
8.107336 0.000000 8.107336 8.107336
8.055366 0.000000 8.055366 8.055366
8.004058 0.000000 8.004058 8.004058
7.953399 0.000000 7.953399 7.953399
7.903378 0.000000 7.903378 7.903378
7.853982 0.000000 7.853982 7.853982
7.805199 0.000000 7.805199 7.805199
7.757019 0.000000 7.757019 7.757019
7.709430 0.000000 7.709430 7.709430
7.662421 0.000000 7.662421 7.662421
7.615982 0.000000 7.615982 7.615982
7.570103 0.000000 7.570103 7.570103
7.524773 0.000000 7.524773 7.524773
7.479983 0.000000 7.479983 7.479983
7.435722 0.000000 7.435722 7.435722
7.391983 0.000000 7.391983 7.391983
7.348755 0.000000 7.348755 7.348755
7.306029 0.000000 7.306029 7.306029
7.263798 0.000000 7.263798 7.263798
7.222052 0.000000 7.222052 7.222052
7.180783 0.000000 7.180783 7.180783
7.139983 0.000000 7.139983 7.139983
7.099644 0.000000 7.099644 7.099644
7.059759 0.000000 7.059759 7.059759
7.020319 0.000000 7.020319 7.020319
6.981317 0.000000 6.981317 6.981317
6.942746 0.000000 6.942746 6.942746
6.904599 0.000000 6.904599 6.904599
6.866869 0.000000 6.866869 6.866869
6.829549 0.000000 6.829549 6.829549
6.792633 0.000000 6.792633 6.792633
6.756113 0.000000 6.756113 6.756113
6.719984 0.000000 6.719984 6.719984
6.684240 0.000000 6.684240 6.684240
6.648873 0.000000 6.648873 6.648873
6.613879 0.000000 6.613879 6.613879
6.579252 0.000000 6.579252 6.579252
6.544985 0.000000 6.544985 6.544985
6.511073 0.000000 6.511073 6.511073
6.477511 0.000000 6.477511 6.477511
6.444293 0.000000 6.444293 6.444293
6.411414 0.000000 6.411414 6.411414
6.378868 0.000000 6.378868 6.378868
6.346652 0.000000 6.346652 6.346652
6.314759 0.000000 6.314759 6.314759
6.283185 0.000000 6.283185 6.283185
8.385958 0.200000 8.385958 8.394333
8.330422 0.200000 8.330422 8.338742
8.275616 0.200000 8.275616 8.283881
8.221527 0.200000 8.221527 8.229738
8.168141 0.200000 8.168141 8.176299
8.115443 0.200000 8.115443 8.123548
8.063421 0.200000 8.063421 8.071474
8.012062 0.200000 8.012062 8.020064
7.961353 0.200000 7.961353 7.969304
7.911281 0.200000 7.911281 7.919182
7.861836 0.200000 7.861836 7.869688
7.813004 0.200000 7.813004 7.820808
7.764776 0.200000 7.764776 7.772531
7.717139 0.200000 7.717139 7.724847
7.670084 0.200000 7.670084 7.677744
7.623598 0.200000 7.623598 7.631212
7.577673 0.200000 7.577673 7.585241
7.532298 0.200000 7.532298 7.539821
7.487462 0.200000 7.487462 7.494941
7.443158 0.200000 7.443158 7.450592
7.399375 0.200000 7.399375 7.406765
7.356103 0.200000 7.356103 7.363451
7.313335 0.200000 7.313335 7.320640
7.271062 0.200000 7.271062 7.278324
7.229274 0.200000 7.229274 7.236495
7.187964 0.200000 7.187964 7.195143
7.147123 0.200000 7.147123 7.154262
7.106744 0.200000 7.106744 7.113842
7.066819 0.200000 7.066819 7.073877
7.027339 0.200000 7.027339 7.034358
6.988298 0.200000 6.988298 6.995278
6.949689 0.200000 6.949689 6.956630
6.911504 0.200000 6.911504 6.918407
6.873736 0.200000 6.873736 6.880602
6.836379 0.200000 6.836379 6.843207
6.799425 0.200000 6.799425 6.806217
6.762869 0.200000 6.762869 6.769624
6.726704 0.200000 6.726704 6.733423
6.690924 0.200000 6.690924 6.697607
6.655522 0.200000 6.655522 6.662170
6.620493 0.200000 6.620493 6.627106
6.585831 0.200000 6.585831 6.592409
6.551530 0.200000 6.551530 6.558073
6.517584 0.200000 6.517584 6.524094
6.483988 0.200000 6.483988 6.490465
6.450737 0.200000 6.450737 6.457180
6.417825 0.200000 6.417825 6.424235
6.385247 0.200000 6.385247 6.391625
6.352998 0.200000 6.352998 6.359344
6.321074 0.200000 6.321074 6.327388
6.289468 0.200000 6.289468 6.295751
8.394336 0.400000 8.394336 8.411086
8.338744 0.400000 8.338744 8.355383
8.283884 0.400000 8.283884 8.300414
8.229741 0.400000 8.229741 8.246163
8.176301 0.400000 8.176301 8.192616
8.123551 0.400000 8.123551 8.139761
8.071477 0.400000 8.071477 8.087583
8.020066 0.400000 8.020066 8.036070
7.969306 0.400000 7.969306 7.985209
7.919185 0.400000 7.919185 7.934987
7.869690 0.400000 7.869690 7.885394
7.820810 0.400000 7.820810 7.836416
7.772533 0.400000 7.772533 7.788043
7.724849 0.400000 7.724849 7.740264
7.677746 0.400000 7.677746 7.693067
7.631214 0.400000 7.631214 7.646442
7.585243 0.400000 7.585243 7.600380
7.539822 0.400000 7.539822 7.554868
7.494942 0.400000 7.494942 7.509899
7.450594 0.400000 7.450594 7.465462
7.406767 0.400000 7.406767 7.421547
7.363452 0.400000 7.363452 7.378146
7.320641 0.400000 7.320641 7.335250
7.278326 0.400000 7.278326 7.292850
7.236496 0.400000 7.236496 7.250937
7.195145 0.400000 7.195145 7.209503
7.154263 0.400000 7.154263 7.168540
7.113844 0.400000 7.113844 7.128040
7.073878 0.400000 7.073878 7.087995
7.034359 0.400000 7.034359 7.048397
6.995280 0.400000 6.995280 7.009239
6.956632 0.400000 6.956632 6.970514
6.918408 0.400000 6.918408 6.932215
6.880603 0.400000 6.880603 6.894334
6.843208 0.400000 6.843208 6.856865
6.806218 0.400000 6.806218 6.819801
6.769625 0.400000 6.769625 6.783135
6.733424 0.400000 6.733424 6.746862
6.697608 0.400000 6.697608 6.710974
6.662171 0.400000 6.662171 6.675466
6.627107 0.400000 6.627107 6.640332
6.592410 0.400000 6.592410 6.605566
6.558075 0.400000 6.558075 6.571162
6.524095 0.400000 6.524095 6.537115
6.490466 0.400000 6.490466 6.503418
6.457181 0.400000 6.457181 6.470068
6.424236 0.400000 6.424236 6.437057
6.391626 0.400000 6.391626 6.404382
6.359345 0.400000 6.359345 6.372036
6.327389 0.400000 6.327389 6.340016
6.295752 0.400000 6.295752 6.308316
8.402713 0.600000 8.402713 8.427839
8.347066 0.600000 8.347066 8.372025
8.292151 0.600000 8.292151 8.316946
8.237954 0.600000 8.237954 8.262587
8.184461 0.600000 8.184461 8.208934
8.131658 0.600000 8.131658 8.155973
8.079532 0.600000 8.079532 8.103691
8.028070 0.600000 8.028070 8.052076
7.977259 0.600000 7.977259 8.001113
7.927088 0.600000 7.927088 7.950792
7.877544 0.600000 7.877544 7.901099
7.828615 0.600000 7.828615 7.852024
7.780290 0.600000 7.780290 7.803555
7.732558 0.600000 7.732558 7.755681
7.685408 0.600000 7.685408 7.708390
7.638830 0.600000 7.638830 7.661673
7.592813 0.600000 7.592813 7.615518
7.547347 0.600000 7.547347 7.569916
7.502422 0.600000 7.502422 7.524857
7.458029 0.600000 7.458029 7.480331
7.414159 0.600000 7.414159 7.436330
7.370801 0.600000 7.370801 7.392842
7.327948 0.600000 7.327948 7.349861
7.285589 0.600000 7.285589 7.307376
7.243718 0.600000 7.243718 7.265380
7.202326 0.600000 7.202326 7.223863
7.161403 0.600000 7.161403 7.182819
7.120943 0.600000 7.120943 7.142238
7.080938 0.600000 7.080938 7.102113
7.041380 0.600000 7.041380 7.062436
7.002261 0.600000 7.002261 7.023201
6.963574 0.600000 6.963574 6.984398
6.925313 0.600000 6.925313 6.946023
6.887470 0.600000 6.887470 6.908066
6.850038 0.600000 6.850038 6.870523
6.813011 0.600000 6.813011 6.833385
6.776382 0.600000 6.776382 6.796646
6.740144 0.600000 6.740144 6.760300
6.704292 0.600000 6.704292 6.724341
6.668820 0.600000 6.668820 6.688763
6.633721 0.600000 6.633721 6.653559
6.598989 0.600000 6.598989 6.618724
6.564620 0.600000 6.564620 6.584251
6.530606 0.600000 6.530606 6.550136
6.496943 0.600000 6.496943 6.516372
6.463626 0.600000 6.463626 6.482955
6.430648 0.600000 6.430648 6.449879
6.398005 0.600000 6.398005 6.417138
6.365692 0.600000 6.365692 6.384729
6.333703 0.600000 6.333703 6.352645
6.302035 0.600000 6.302035 6.320881
8.411091 0.800000 8.411091 8.444591
8.355388 0.800000 8.355388 8.388667
8.300418 0.800000 8.300418 8.333478
8.246167 0.800000 8.246167 8.279011
8.192621 0.800000 8.192621 8.225252
8.139765 0.800000 8.139765 8.172186
8.087587 0.800000 8.087587 8.119800
8.036074 0.800000 8.036074 8.068082
7.985213 0.800000 7.985213 8.017018
7.934991 0.800000 7.934991 7.966597
7.885398 0.800000 7.885398 7.916805
7.836420 0.800000 7.836420 7.867633
7.788047 0.800000 7.788047 7.819067
7.740268 0.800000 7.740268 7.771098
7.693071 0.800000 7.693071 7.723713
7.646446 0.800000 7.646446 7.676903
7.600383 0.800000 7.600383 7.630656
7.554872 0.800000 7.554872 7.584964
7.509902 0.800000 7.509902 7.539815
7.465465 0.800000 7.465465 7.495201
7.421551 0.800000 7.421551 7.451112
7.378150 0.800000 7.378150 7.407538
7.335254 0.800000 7.335254 7.364471
7.292853 0.800000 7.292853 7.321902
7.250940 0.800000 7.250940 7.279822
7.209506 0.800000 7.209506 7.238223
7.168543 0.800000 7.168543 7.197097
7.128043 0.800000 7.128043 7.156436
7.087998 0.800000 7.087998 7.116231
7.048400 0.800000 7.048400 7.076476
7.009242 0.800000 7.009242 7.037162
6.970517 0.800000 6.970517 6.998283
6.932218 0.800000 6.932218 6.959831
6.894337 0.800000 6.894337 6.921799
6.856867 0.800000 6.856867 6.884180
6.819803 0.800000 6.819803 6.846969
6.783138 0.800000 6.783138 6.810157
6.746864 0.800000 6.746864 6.773739
6.710977 0.800000 6.710977 6.737709
6.675469 0.800000 6.675469 6.702059
6.640335 0.800000 6.640335 6.666785
6.605569 0.800000 6.605569 6.631881
6.571165 0.800000 6.571165 6.597340
6.537117 0.800000 6.537117 6.563157
6.503421 0.800000 6.503421 6.529326
6.470070 0.800000 6.470070 6.495843
6.437059 0.800000 6.437059 6.462701
6.404384 0.800000 6.404384 6.429895
6.372038 0.800000 6.372038 6.397421
6.340018 0.800000 6.340018 6.365273
6.308318 0.800000 6.308318 6.333447
8.419468 1.000000 8.419468 8.461344
8.363710 1.000000 8.363710 8.405309
8.308686 1.000000 8.308686 8.350011
8.254381 1.000000 8.254381 8.295436
8.200781 1.000000 8.200781 8.241569
8.147873 1.000000 8.147873 8.188398
8.095643 1.000000 8.095643 8.135909
8.044078 1.000000 8.044078 8.084088
7.993166 1.000000 7.993166 8.032923
7.942895 1.000000 7.942895 7.982401
7.893252 1.000000 7.893252 7.932511
7.844225 1.000000 7.844225 7.883241
7.795804 1.000000 7.795804 7.834579
7.747977 1.000000 7.747977 7.786515
7.700733 1.000000 7.700733 7.739036
7.654062 1.000000 7.654062 7.692133
7.607953 1.000000 7.607953 7.645795
7.562397 1.000000 7.562397 7.600012
7.517382 1.000000 7.517382 7.554774
7.472901 1.000000 7.472901 7.510071
7.428943 1.000000 7.428943 7.465894
7.385499 1.000000 7.385499 7.422234
7.342560 1.000000 7.342560 7.379082
7.300117 1.000000 7.300117 7.336428
7.258162 1.000000 7.258162 7.294265
7.216687 1.000000 7.216687 7.252583
7.175683 1.000000 7.175683 7.211376
7.135143 1.000000 7.135143 7.170633
7.095058 1.000000 7.095058 7.130349
7.055420 1.000000 7.055420 7.090515
7.016224 1.000000 7.016224 7.051123
6.977460 1.000000 6.977460 7.012167
6.939122 1.000000 6.939122 6.973638
6.901204 1.000000 6.901204 6.935531
6.863697 1.000000 6.863697 6.897838
6.826596 1.000000 6.826596 6.860553
6.789894 1.000000 6.789894 6.823668
6.753584 1.000000 6.753584 6.787178
6.717661 1.000000 6.717661 6.751076
6.682118 1.000000 6.682118 6.715356
6.646949 1.000000 6.646949 6.680012
6.612148 1.000000 6.612148 6.645038
6.577710 1.000000 6.577710 6.610429
6.543628 1.000000 6.543628 6.576178
6.509898 1.000000 6.509898 6.542280
6.476514 1.000000 6.476514 6.508730
6.443471 1.000000 6.443471 6.475522
6.410763 1.000000 6.410763 6.442652
6.378385 1.000000 6.378385 6.410113
6.346333 1.000000 6.346333 6.377901
6.314601 1.000000 6.314601 6.346012
8.427846 1.200000 8.427846 8.478097
8.372032 1.200000 8.372032 8.421951
8.316953 1.200000 8.316953 8.366543
8.262594 1.200000 8.262594 8.311860
8.208941 1.200000 8.208941 8.257887
8.155980 1.200000 8.155980 8.204611
8.103698 1.200000 8.103698 8.152017
8.052082 1.200000 8.052082 8.100094
8.001120 1.200000 8.001120 8.048827
7.950798 1.200000 7.950798 7.998206
7.901106 1.200000 7.901106 7.948217
7.852030 1.200000 7.852030 7.898850
7.803561 1.200000 7.803561 7.850092
7.755686 1.200000 7.755686 7.801932
7.708396 1.200000 7.708396 7.754359
7.661678 1.200000 7.661678 7.707363
7.615523 1.200000 7.615523 7.660933
7.569921 1.200000 7.569921 7.615059
7.524862 1.200000 7.524862 7.569732
7.480337 1.200000 7.480337 7.524941
7.436335 1.200000 7.436335 7.480676
7.392847 1.200000 7.392847 7.436930
7.349866 1.200000 7.349866 7.393692
7.307381 1.200000 7.307381 7.350954
7.265384 1.200000 7.265384 7.308707
7.223868 1.200000 7.223868 7.266943
7.182823 1.200000 7.182823 7.225654
7.142242 1.200000 7.142242 7.184831
7.102117 1.200000 7.102117 7.144467
7.062441 1.200000 7.062441 7.104554
7.023205 1.200000 7.023205 7.065084
6.984403 1.200000 6.984403 7.026051
6.946027 1.200000 6.946027 6.987446
6.908070 1.200000 6.908070 6.949264
6.870527 1.200000 6.870527 6.911496
6.833389 1.200000 6.833389 6.874137
6.796650 1.200000 6.796650 6.837179
6.760304 1.200000 6.760304 6.800617
6.724345 1.200000 6.724345 6.764443
6.688767 1.200000 6.688767 6.728653
6.653563 1.200000 6.653563 6.693239
6.618727 1.200000 6.618727 6.658196
6.584255 1.200000 6.584255 6.623518
6.550139 1.200000 6.550139 6.589199
6.516376 1.200000 6.516376 6.555234
6.482958 1.200000 6.482958 6.521617
6.449882 1.200000 6.449882 6.488344
6.417142 1.200000 6.417142 6.455408
6.384732 1.200000 6.384732 6.422805
6.352648 1.200000 6.352648 6.390530
6.320884 1.200000 6.320884 6.358577
8.436223 1.400000 8.436223 8.494849
8.380354 1.400000 8.380354 8.438592
8.325221 1.400000 8.325221 8.383076
8.270807 1.400000 8.270807 8.328284
8.217101 1.400000 8.217101 8.274205
8.164087 1.400000 8.164087 8.220823
8.111753 1.400000 8.111753 8.168126
8.060086 1.400000 8.060086 8.116100
8.009073 1.400000 8.009073 8.064732
7.958701 1.400000 7.958701 8.014011
7.908960 1.400000 7.908960 7.963923
7.859836 1.400000 7.859836 7.914458
7.811318 1.400000 7.811318 7.865604
7.763396 1.400000 7.763396 7.817349
7.716058 1.400000 7.716058 7.769682
7.669294 1.400000 7.669294 7.722593
7.623093 1.400000 7.623093 7.676072
7.577446 1.400000 7.577446 7.630107
7.532342 1.400000 7.532342 7.584690
7.487772 1.400000 7.487772 7.539810
7.443727 1.400000 7.443727 7.495459
7.400196 1.400000 7.400196 7.451626
7.357172 1.400000 7.357172 7.408303
7.314645 1.400000 7.314645 7.365480
7.272606 1.400000 7.272606 7.323150
7.231049 1.400000 7.231049 7.281303
7.189963 1.400000 7.189963 7.239933
7.149342 1.400000 7.149342 7.199029
7.109177 1.400000 7.109177 7.158585
7.069461 1.400000 7.069461 7.118593
7.030186 1.400000 7.030186 7.079046
6.991345 1.400000 6.991345 7.039935
6.952931 1.400000 6.952931 7.001254
6.914937 1.400000 6.914937 6.962996
6.877356 1.400000 6.877356 6.925154
6.840181 1.400000 6.840181 6.887721
6.803406 1.400000 6.803406 6.850690
6.767024 1.400000 6.767024 6.814055
6.731029 1.400000 6.731029 6.777810
6.695415 1.400000 6.695415 6.741949
6.660176 1.400000 6.660176 6.706465
6.625306 1.400000 6.625306 6.671353
6.590800 1.400000 6.590800 6.636606
6.556650 1.400000 6.556650 6.602220
6.522853 1.400000 6.522853 6.568188
6.489403 1.400000 6.489403 6.534505
6.456293 1.400000 6.456293 6.501166
6.423520 1.400000 6.423520 6.468165
6.391078 1.400000 6.391078 6.435498
6.358962 1.400000 6.358962 6.403158
6.327168 1.400000 6.327168 6.371143
8.444601 1.600000 8.444601 8.511602
8.388677 1.600000 8.388677 8.455234
8.333488 1.600000 8.333488 8.399608
8.279021 1.600000 8.279021 8.344709
8.225261 1.600000 8.225261 8.290523
8.172195 1.600000 8.172195 8.237036
8.119809 1.600000 8.119809 8.184234
8.068090 1.600000 8.068090 8.132106
8.017026 1.600000 8.017026 8.080637
7.966605 1.600000 7.966605 8.029815
7.916813 1.600000 7.916813 7.979629
7.867641 1.600000 7.867641 7.930067
7.819075 1.600000 7.819075 7.881116
7.771105 1.600000 7.771105 7.832766
7.723720 1.600000 7.723720 7.785005
7.676910 1.600000 7.676910 7.737823
7.630664 1.600000 7.630664 7.691210
7.584971 1.600000 7.584971 7.645155
7.539822 1.600000 7.539822 7.599648
7.495208 1.600000 7.495208 7.554680
7.451119 1.600000 7.451119 7.510241
7.407545 1.600000 7.407545 7.466322
7.364478 1.600000 7.364478 7.422913
7.321908 1.600000 7.321908 7.380006
7.279828 1.600000 7.279828 7.337592
7.238229 1.600000 7.238229 7.295663
7.197103 1.600000 7.197103 7.254211
7.156442 1.600000 7.156442 7.213227
7.116237 1.600000 7.116237 7.172703
7.076481 1.600000 7.076481 7.132632
7.037168 1.600000 7.037168 7.093007
6.998288 1.600000 6.998288 7.053819
6.959836 1.600000 6.959836 7.015062
6.921804 1.600000 6.921804 6.976728
6.884186 1.600000 6.884186 6.938811
6.846974 1.600000 6.846974 6.901305
6.810162 1.600000 6.810162 6.864201
6.773744 1.600000 6.773744 6.827494
6.737714 1.600000 6.737714 6.791178
6.702064 1.600000 6.702064 6.755246
6.666790 1.600000 6.666790 6.719692
6.631886 1.600000 6.631886 6.684510
6.597345 1.600000 6.597345 6.649695
6.563161 1.600000 6.563161 6.615241
6.529331 1.600000 6.529331 6.581142
6.495847 1.600000 6.495847 6.547392
6.462705 1.600000 6.462705 6.513987
6.429899 1.600000 6.429899 6.480922
6.397425 1.600000 6.397425 6.448190
6.365277 1.600000 6.365277 6.415787
6.333451 1.600000 6.333451 6.383708
8.452979 1.800000 8.452979 8.528355
8.396999 1.800000 8.396999 8.471876
8.341755 1.800000 8.341755 8.416140
8.287234 1.800000 8.287234 8.361133
8.233421 1.800000 8.233421 8.306840
8.180302 1.800000 8.180302 8.253248
8.127864 1.800000 8.127864 8.200343
8.076094 1.800000 8.076094 8.148112
8.024980 1.800000 8.024980 8.096542
7.974508 1.800000 7.974508 8.045620
7.924667 1.800000 7.924667 7.995335
7.875446 1.800000 7.875446 7.945675
7.826832 1.800000 7.826832 7.896628
7.778815 1.800000 7.778815 7.848182
7.731383 1.800000 7.731383 7.800328
7.684526 1.800000 7.684526 7.753053
7.638234 1.800000 7.638234 7.706348
7.592496 1.800000 7.592496 7.660203
7.547302 1.800000 7.547302 7.614607
7.502644 1.800000 7.502644 7.569550
7.458511 1.800000 7.458511 7.525023
7.414894 1.800000 7.414894 7.481018
7.371784 1.800000 7.371784 7.437523
7.329172 1.800000 7.329172 7.394532
7.287051 1.800000 7.287051 7.352035
7.245410 1.800000 7.245410 7.310024
7.204243 1.800000 7.204243 7.268489
7.163541 1.800000 7.163541 7.227425
7.123297 1.800000 7.123297 7.186821
7.083502 1.800000 7.083502 7.146672
7.044149 1.800000 7.044149 7.106968
7.005231 1.800000 7.005231 7.067703
6.966741 1.800000 6.966741 7.028870
6.928671 1.800000 6.928671 6.990461
6.891015 1.800000 6.891015 6.952469
6.853766 1.800000 6.853766 6.914888
6.816918 1.800000 6.816918 6.877712
6.780464 1.800000 6.780464 6.840933
6.744398 1.800000 6.744398 6.804545
6.708713 1.800000 6.708713 6.768542
6.673404 1.800000 6.673404 6.732918
6.638465 1.800000 6.638465 6.697668
6.603890 1.800000 6.603890 6.662784
6.569673 1.800000 6.569673 6.628262
6.535808 1.800000 6.535808 6.594096
6.502291 1.800000 6.502291 6.560280
6.469116 1.800000 6.469116 6.526809
6.436278 1.800000 6.436278 6.493678
6.403772 1.800000 6.403772 6.460882
6.371592 1.800000 6.371592 6.428415
6.339734 1.800000 6.339734 6.396273
8.461356 2.000000 8.461356 8.545108
8.405321 2.000000 8.405321 8.488518
8.350023 2.000000 8.350023 8.432673
8.295447 2.000000 8.295447 8.377557
8.241581 2.000000 8.241581 8.323158
8.188409 2.000000 8.188409 8.269461
8.135919 2.000000 8.135919 8.216451
8.084098 2.000000 8.084098 8.164118
8.032933 2.000000 8.032933 8.112446
7.982412 2.000000 7.982412 8.061425
7.932521 2.000000 7.932521 8.011041
7.883251 2.000000 7.883251 7.961283
7.834589 2.000000 7.834589 7.912140
7.786524 2.000000 7.786524 7.863599
7.739045 2.000000 7.739045 7.815651
7.692142 2.000000 7.692142 7.768284
7.645804 2.000000 7.645804 7.721487
7.600021 2.000000 7.600021 7.675251
7.554782 2.000000 7.554782 7.629565
7.510079 2.000000 7.510079 7.584420
7.465903 2.000000 7.465903 7.539806
7.422242 2.000000 7.422242 7.495713
7.379090 2.000000 7.379090 7.452134
7.336436 2.000000 7.336436 7.409058
7.294273 2.000000 7.294273 7.366478
7.252591 2.000000 7.252591 7.324384
7.211383 2.000000 7.211383 7.282768
7.170641 2.000000 7.170641 7.241623
7.130356 2.000000 7.130356 7.200939
7.090522 2.000000 7.090522 7.160711
7.051130 2.000000 7.051130 7.120929
7.012174 2.000000 7.012174 7.081587
6.973645 2.000000 6.973645 7.042678
6.935538 2.000000 6.935538 7.004193
6.897845 2.000000 6.897845 6.966127
6.860559 2.000000 6.860559 6.928472
6.823674 2.000000 6.823674 6.891223
6.787184 2.000000 6.787184 6.854371
6.751082 2.000000 6.751082 6.817912
6.715362 2.000000 6.715362 6.781839
6.680018 2.000000 6.680018 6.746145
6.645044 2.000000 6.645044 6.710825
6.610435 2.000000 6.610435 6.675873
6.576184 2.000000 6.576184 6.641283
6.542286 2.000000 6.542286 6.607050
6.508736 2.000000 6.508736 6.573167
6.475528 2.000000 6.475528 6.539631
6.442657 2.000000 6.442657 6.506435
6.410118 2.000000 6.410118 6.473574
6.377907 2.000000 6.377907 6.441044
6.346017 2.000000 6.346017 6.408839
8.469734 2.200000 8.469734 8.561860
8.413643 2.200000 8.413643 8.505160
8.358290 2.200000 8.358290 8.449205
8.303661 2.200000 8.303661 8.393982
8.249741 2.200000 8.249741 8.339476
8.196517 2.200000 8.196517 8.285673
8.143975 2.200000 8.143975 8.232560
8.092102 2.200000 8.092102 8.180124
8.040887 2.200000 8.040887 8.128351
7.990315 2.200000 7.990315 8.077230
7.940375 2.200000 7.940375 8.026747
7.891056 2.200000 7.891056 7.976892
7.842346 2.200000 7.842346 7.927652
7.794234 2.200000 7.794234 7.879016
7.746708 2.200000 7.746708 7.830974
7.699758 2.200000 7.699758 7.783514
7.653374 2.200000 7.653374 7.736625
7.607545 2.200000 7.607545 7.690298
7.562262 2.200000 7.562262 7.644523
7.517515 2.200000 7.517515 7.599289
7.473295 2.200000 7.473295 7.554588
7.429591 2.200000 7.429591 7.510409
7.386396 2.200000 7.386396 7.466744
7.343700 2.200000 7.343700 7.423584
7.301495 2.200000 7.301495 7.380920
7.259772 2.200000 7.259772 7.338744
7.218523 2.200000 7.218523 7.297046
7.177741 2.200000 7.177741 7.255820
7.137416 2.200000 7.137416 7.215057
7.097542 2.200000 7.097542 7.174750
7.058111 2.200000 7.058111 7.134891
7.019116 2.200000 7.019116 7.095471
6.980550 2.200000 6.980550 7.056485
6.942405 2.200000 6.942405 7.017926
6.904674 2.200000 6.904674 6.979785
6.867352 2.200000 6.867352 6.942056
6.830430 2.200000 6.830430 6.904734
6.793904 2.200000 6.793904 6.867810
6.757766 2.200000 6.757766 6.831279
6.722011 2.200000 6.722011 6.795135
6.686632 2.200000 6.686632 6.759371
6.651623 2.200000 6.651623 6.723982
6.616980 2.200000 6.616980 6.688962
6.582695 2.200000 6.582695 6.654304
6.548763 2.200000 6.548763 6.620004
6.515180 2.200000 6.515180 6.586055
6.481939 2.200000 6.481939 6.552453
6.449036 2.200000 6.449036 6.519192
6.416465 2.200000 6.416465 6.486267
6.384221 2.200000 6.384221 6.453672
6.352300 2.200000 6.352300 6.421404
8.478111 2.400000 8.478111 8.578613
8.421965 2.400000 8.421965 8.521802
8.366557 2.400000 8.366557 8.465737
8.311874 2.400000 8.311874 8.410406
8.257901 2.400000 8.257901 8.355794
8.204624 2.400000 8.204624 8.301886
8.152030 2.400000 8.152030 8.248669
8.100106 2.400000 8.100106 8.196130
8.048840 2.400000 8.048840 8.144256
7.998218 2.400000 7.998218 8.093034
7.948229 2.400000 7.948229 8.042453
7.898862 2.400000 7.898862 7.992500
7.850103 2.400000 7.850103 7.943164
7.801943 2.400000 7.801943 7.894433
7.754370 2.400000 7.754370 7.846297
7.707374 2.400000 7.707374 7.798744
7.660944 2.400000 7.660944 7.751764
7.615070 2.400000 7.615070 7.705346
7.569742 2.400000 7.569742 7.659481
7.524951 2.400000 7.524951 7.614159
7.480687 2.400000 7.480687 7.569370
7.436940 2.400000 7.436940 7.525105
7.393702 2.400000 7.393702 7.481355
7.350964 2.400000 7.350964 7.438110
7.308717 2.400000 7.308717 7.395363
7.266953 2.400000 7.266953 7.353104
7.225663 2.400000 7.225663 7.311325
7.184840 2.400000 7.184840 7.270018
7.144476 2.400000 7.144476 7.229176
7.104563 2.400000 7.104563 7.188789
7.065093 2.400000 7.065093 7.148852
7.026059 2.400000 7.026059 7.109356
6.987454 2.400000 6.987454 7.070293
6.949272 2.400000 6.949272 7.031658
6.911504 2.400000 6.911504 6.993443
6.874144 2.400000 6.874144 6.955640
6.837187 2.400000 6.837187 6.918245
6.800624 2.400000 6.800624 6.881249
6.764451 2.400000 6.764451 6.844647
6.728660 2.400000 6.728660 6.808432
6.693246 2.400000 6.693246 6.772598
6.658203 2.400000 6.658203 6.737140
6.623525 2.400000 6.623525 6.702050
6.589206 2.400000 6.589206 6.667325
6.555241 2.400000 6.555241 6.632957
6.521624 2.400000 6.521624 6.598942
6.488351 2.400000 6.488351 6.565274
6.455415 2.400000 6.455415 6.531948
6.422812 2.400000 6.422812 6.498959
6.390536 2.400000 6.390536 6.466301
6.358584 2.400000 6.358584 6.433969
8.486489 2.600000 8.486489 8.595366
8.430287 2.600000 8.430287 8.538443
8.374825 2.600000 8.374825 8.482270
8.320087 2.600000 8.320087 8.426831
8.266061 2.600000 8.266061 8.372111
8.212731 2.600000 8.212731 8.318098
8.160086 2.600000 8.160086 8.264777
8.108110 2.600000 8.108110 8.212136
8.056793 2.600000 8.056793 8.160161
8.006122 2.600000 8.006122 8.108839
7.956083 2.600000 7.956083 8.058159
7.906667 2.600000 7.906667 8.008109
7.857860 2.600000 7.857860 7.958676
7.809652 2.600000 7.809652 7.909850
7.762033 2.600000 7.762033 7.861620
7.714990 2.600000 7.714990 7.813974
7.668514 2.600000 7.668514 7.766902
7.622595 2.600000 7.622595 7.720394
7.577222 2.600000 7.577222 7.674440
7.532387 2.600000 7.532387 7.629029
7.488078 2.600000 7.488078 7.584153
7.444289 2.600000 7.444289 7.539801
7.401008 2.600000 7.401008 7.495965
7.358227 2.600000 7.358227 7.452636
7.315939 2.600000 7.315939 7.409805
7.274133 2.600000 7.274133 7.367464
7.232803 2.600000 7.232803 7.325603
7.191940 2.600000 7.191940 7.284216
7.151536 2.600000 7.151536 7.243294
7.111583 2.600000 7.111583 7.202829
7.072074 2.600000 7.072074 7.162813
7.033002 2.600000 7.033002 7.123240
6.994359 2.600000 6.994359 7.084101
6.956138 2.600000 6.956138 7.045390
6.918333 2.600000 6.918333 7.007100
6.880937 2.600000 6.880937 6.969224
6.843943 2.600000 6.843943 6.931756
6.807344 2.600000 6.807344 6.894688
6.771135 2.600000 6.771135 6.858014
6.735309 2.600000 6.735309 6.821728
6.699860 2.600000 6.699860 6.785825
6.664782 2.600000 6.664782 6.750297
6.630069 2.600000 6.630069 6.715139
6.595717 2.600000 6.595717 6.680346
6.561718 2.600000 6.561718 6.645911
6.528068 2.600000 6.528068 6.611830
6.494762 2.600000 6.494762 6.578096
6.461794 2.600000 6.461794 6.544705
6.429158 2.600000 6.429158 6.511651
6.396851 2.600000 6.396851 6.478929
6.364867 2.600000 6.364867 6.446535
8.494867 2.800000 8.494867 8.612119
8.438609 2.800000 8.438609 8.555085
8.383092 2.800000 8.383092 8.498802
8.328301 2.800000 8.328301 8.443255
8.274221 2.800000 8.274221 8.388429
8.220839 2.800000 8.220839 8.334311
8.168141 2.800000 8.168141 8.280886
8.116115 2.800000 8.116115 8.228142
8.064747 2.800000 8.064747 8.176065
8.014025 2.800000 8.014025 8.124644
7.963937 2.800000 7.963937 8.073865
7.914472 2.800000 7.914472 8.023717
7.865617 2.800000 7.865617 7.974188
7.817362 2.800000 7.817362 7.925267
7.769695 2.800000 7.769695 7.876943
7.722606 2.800000 7.722606 7.829204
7.676084 2.800000 7.676084 7.782041
7.630120 2.800000 7.630120 7.735442
7.584702 2.800000 7.584702 7.689398
7.539822 2.800000 7.539822 7.643899
7.495470 2.800000 7.495470 7.598935
7.451637 2.800000 7.451637 7.554497
7.408314 2.800000 7.408314 7.510576
7.365491 2.800000 7.365491 7.467162
7.323161 2.800000 7.323161 7.424248
7.281314 2.800000 7.281314 7.381824
7.239943 2.800000 7.239943 7.339882
7.199039 2.800000 7.199039 7.298414
7.158595 2.800000 7.158595 7.257412
7.118603 2.800000 7.118603 7.216868
7.079055 2.800000 7.079055 7.176774
7.039945 2.800000 7.039945 7.137124
7.001264 2.800000 7.001264 7.097909
6.963005 2.800000 6.963005 7.059123
6.925163 2.800000 6.925163 7.020758
6.887730 2.800000 6.887730 6.982808
6.850699 2.800000 6.850699 6.945267
6.814064 2.800000 6.814064 6.908126
6.777819 2.800000 6.777819 6.871381
6.741958 2.800000 6.741958 6.835025
6.706474 2.800000 6.706474 6.799051
6.671361 2.800000 6.671361 6.763454
6.636614 2.800000 6.636614 6.728228
6.602228 2.800000 6.602228 6.693367
6.568196 2.800000 6.568196 6.658865
6.534513 2.800000 6.534513 6.624717
6.501173 2.800000 6.501173 6.590918
6.468172 2.800000 6.468172 6.557462
6.435505 2.800000 6.435505 6.524343
6.403166 2.800000 6.403166 6.491558
6.371150 2.800000 6.371150 6.459100
8.503244 3.000000 8.503244 8.628871
8.446931 3.000000 8.446931 8.571727
8.391359 3.000000 8.391359 8.515335
8.336514 3.000000 8.336514 8.459679
8.282381 3.000000 8.282381 8.404747
8.228946 3.000000 8.228946 8.350523
8.176196 3.000000 8.176196 8.296994
8.124119 3.000000 8.124119 8.244148
8.072700 3.000000 8.072700 8.191970
8.021928 3.000000 8.021928 8.140449
7.971791 3.000000 7.971791 8.089571
7.922277 3.000000 7.922277 8.039326
7.873374 3.000000 7.873374 7.989701
7.825071 3.000000 7.825071 7.940684
7.777357 3.000000 7.777357 7.892266
7.730222 3.000000 7.730222 7.844434
7.683654 3.000000 7.683654 7.797179
7.637644 3.000000 7.637644 7.750490
7.592182 3.000000 7.592182 7.704356
7.547258 3.000000 7.547258 7.658769
7.502862 3.000000 7.502862 7.613717
7.458986 3.000000 7.458986 7.569193
7.415620 3.000000 7.415620 7.525186
7.372755 3.000000 7.372755 7.481688
7.330383 3.000000 7.330383 7.438690
7.288495 3.000000 7.288495 7.396184
7.247083 3.000000 7.247083 7.354160
7.206139 3.000000 7.206139 7.312612
7.165655 3.000000 7.165655 7.271530
7.125624 3.000000 7.125624 7.230907
7.086037 3.000000 7.086037 7.190735
7.046887 3.000000 7.046887 7.151008
7.008168 3.000000 7.008168 7.111717
6.969872 3.000000 6.969872 7.072855
6.931992 3.000000 6.931992 7.034416
6.894522 3.000000 6.894522 6.996392
6.857455 3.000000 6.857455 6.958778
6.820784 3.000000 6.820784 6.921565
6.784503 3.000000 6.784503 6.884748
6.748606 3.000000 6.748606 6.848321
6.713087 3.000000 6.713087 6.812278
6.677940 3.000000 6.677940 6.776612
6.643159 3.000000 6.643159 6.741317
6.608739 3.000000 6.608739 6.706388
6.574673 3.000000 6.574673 6.671819
6.540957 3.000000 6.540957 6.637605
6.507585 3.000000 6.507585 6.603740
6.474551 3.000000 6.474551 6.570218
6.441852 3.000000 6.441852 6.537036
6.409480 3.000000 6.409480 6.504186
6.377433 3.000000 6.377433 6.471666
8.511622 3.200000 8.511622 8.645624
8.455253 3.200000 8.455253 8.588369
8.399627 3.200000 8.399627 8.531867
8.344727 3.200000 8.344727 8.476104
8.290541 3.200000 8.290541 8.421065
8.237053 3.200000 8.237053 8.366736
8.184252 3.200000 8.184252 8.313103
8.132123 3.200000 8.132123 8.260154
8.080654 3.200000 8.080654 8.207875
8.029832 3.200000 8.029832 8.156253
7.979645 3.200000 7.979645 8.105277
7.930082 3.200000 7.930082 8.054934
7.881131 3.200000 7.881131 8.005213
7.832781 3.200000 7.832781 7.956101
7.785020 3.200000 7.785020 7.907589
7.737838 3.200000 7.737838 7.859665
7.691224 3.200000 7.691224 7.812317
7.645169 3.200000 7.645169 7.765537
7.599662 3.200000 7.599662 7.719314
7.554694 3.200000 7.554694 7.673638
7.510254 3.200000 7.510254 7.628500
7.466335 3.200000 7.466335 7.583889
7.422926 3.200000 7.422926 7.539797
7.380019 3.200000 7.380019 7.496214
7.337605 3.200000 7.337605 7.453133
7.295676 3.200000 7.295676 7.410544
7.254223 3.200000 7.254223 7.368439
7.213239 3.200000 7.213239 7.326809
7.172715 3.200000 7.172715 7.285648
7.132644 3.200000 7.132644 7.244946
7.093018 3.200000 7.093018 7.204697
7.053830 3.200000 7.053830 7.164892
7.015073 3.200000 7.015073 7.125525
6.976739 3.200000 6.976739 7.086588
6.938822 3.200000 6.938822 7.048074
6.901315 3.200000 6.901315 7.009976
6.864211 3.200000 6.864211 6.972289
6.827504 3.200000 6.827504 6.935004
6.791188 3.200000 6.791188 6.898116
6.755255 3.200000 6.755255 6.861618
6.719701 3.200000 6.719701 6.825504
6.684520 3.200000 6.684520 6.789769
6.649704 3.200000 6.649704 6.754406
6.615250 3.200000 6.615250 6.719409
6.581151 3.200000 6.581151 6.684773
6.547401 3.200000 6.547401 6.650492
6.513996 3.200000 6.513996 6.616561
6.480930 3.200000 6.480930 6.582975
6.448198 3.200000 6.448198 6.549728
6.415795 3.200000 6.415795 6.516815
6.383716 3.200000 6.383716 6.484231
8.519999 3.400000 8.519999 8.662377
8.463575 3.400000 8.463575 8.605011
8.407894 3.400000 8.407894 8.548399
8.352940 3.400000 8.352940 8.492528
8.298701 3.400000 8.298701 8.437382
8.245161 3.400000 8.245161 8.382948
8.192307 3.400000 8.192307 8.329212
8.140127 3.400000 8.140127 8.276160
8.088607 3.400000 8.088607 8.223779
8.037735 3.400000 8.037735 8.172058
7.987499 3.400000 7.987499 8.120983
7.937888 3.400000 7.937888 8.070543
7.888888 3.400000 7.888888 8.020725
7.840490 3.400000 7.840490 7.971518
7.792682 3.400000 7.792682 7.922912
7.745454 3.400000 7.745454 7.874895
7.698795 3.400000 7.698795 7.827456
7.652694 3.400000 7.652694 7.780585
7.607142 3.400000 7.607142 7.734273
7.562130 3.400000 7.562130 7.688508
7.517646 3.400000 7.517646 7.643282
7.473684 3.400000 7.473684 7.598585
7.430232 3.400000 7.430232 7.554407
7.387283 3.400000 7.387283 7.510740
7.344827 3.400000 7.344827 7.467575
7.302857 3.400000 7.302857 7.424904
7.261363 3.400000 7.261363 7.382717
7.220338 3.400000 7.220338 7.341007
7.179775 3.400000 7.179775 7.299766
7.139664 3.400000 7.139664 7.258985
7.099999 3.400000 7.099999 7.218658
7.060773 3.400000 7.060773 7.178776
7.021977 3.400000 7.021977 7.139333
6.983606 3.400000 6.983606 7.100320
6.945652 3.400000 6.945652 7.061732
6.908108 3.400000 6.908108 7.023560
6.870967 3.400000 6.870967 6.985800
6.834224 3.400000 6.834224 6.948443
6.797872 3.400000 6.797872 6.911483
6.761904 3.400000 6.761904 6.874914
6.726315 3.400000 6.726315 6.838731
6.691099 3.400000 6.691099 6.802926
6.656249 3.400000 6.656249 6.767495
6.621761 3.400000 6.621761 6.732430
6.587628 3.400000 6.587628 6.697727
6.553846 3.400000 6.553846 6.663380
6.520408 3.400000 6.520408 6.629383
6.487309 3.400000 6.487309 6.595732
6.454545 3.400000 6.454545 6.562420
6.422110 3.400000 6.422110 6.529443
6.389999 3.400000 6.389999 6.496796
8.528377 3.600000 8.528377 8.679130
8.471898 3.600000 8.471898 8.621653
8.416161 3.600000 8.416161 8.564932
8.361154 3.600000 8.361154 8.508952
8.306861 3.600000 8.306861 8.453700
8.253268 3.600000 8.253268 8.399161
8.200362 3.600000 8.200362 8.345320
8.148131 3.600000 8.148131 8.292166
8.096560 3.600000 8.096560 8.239684
8.045639 3.600000 8.045639 8.187863
7.995353 3.600000 7.995353 8.136689
7.945693 3.600000 7.945693 8.086151
7.896645 3.600000 7.896645 8.036237
7.848200 3.600000 7.848200 7.986935
7.800345 3.600000 7.800345 7.938235
7.753070 3.600000 7.753070 7.890125
7.706365 3.600000 7.706365 7.842594
7.660219 3.600000 7.660219 7.795633
7.614622 3.600000 7.614622 7.749231
7.569565 3.600000 7.569565 7.703378
7.525038 3.600000 7.525038 7.658064
7.481032 3.600000 7.481032 7.613281
7.437538 3.600000 7.437538 7.569018
7.394546 3.600000 7.394546 7.525266
7.352049 3.600000 7.352049 7.482018
7.310037 3.600000 7.310037 7.439264
7.268503 3.600000 7.268503 7.396996
7.227438 3.600000 7.227438 7.355205
7.186834 3.600000 7.186834 7.313884
7.146685 3.600000 7.146685 7.273025
7.106981 3.600000 7.106981 7.232619
7.067716 3.600000 7.067716 7.192660
7.028882 3.600000 7.028882 7.153140
6.990473 3.600000 6.990473 7.114053
6.952481 3.600000 6.952481 7.075389
6.914900 3.600000 6.914900 7.037144
6.877723 3.600000 6.877723 6.999310
6.840944 3.600000 6.840944 6.961881
6.804556 3.600000 6.804556 6.924850
6.768553 3.600000 6.768553 6.888211
6.732929 3.600000 6.732929 6.851958
6.697678 3.600000 6.697678 6.816084
6.662794 3.600000 6.662794 6.780583
6.628272 3.600000 6.628272 6.745451
6.594106 3.600000 6.594106 6.710681
6.560290 3.600000 6.560290 6.676267
6.526819 3.600000 6.526819 6.642205
6.493688 3.600000 6.493688 6.608488
6.460892 3.600000 6.460892 6.575112
6.428425 3.600000 6.428425 6.542072
6.396283 3.600000 6.396283 6.509362
8.536754 3.800000 8.536754 8.695883
8.480220 3.800000 8.480220 8.638295
8.424429 3.800000 8.424429 8.581464
8.369367 3.800000 8.369367 8.525377
8.315021 3.800000 8.315021 8.470018
8.261375 3.800000 8.261375 8.415373
8.208418 3.800000 8.208418 8.361429
8.156135 3.800000 8.156135 8.308172
8.104514 3.800000 8.104514 8.255589
8.053542 3.800000 8.053542 8.203668
8.003207 3.800000 8.003207 8.152395
7.953498 3.800000 7.953498 8.101760
7.904402 3.800000 7.904402 8.051749
7.855909 3.800000 7.855909 8.002352
7.808007 3.800000 7.808007 7.953558
7.760686 3.800000 7.760686 7.905355
7.713935 3.800000 7.713935 7.857733
7.667744 3.800000 7.667744 7.810681
7.622102 3.800000 7.622102 7.764189
7.577001 3.800000 7.577001 7.718248
7.532430 3.800000 7.532430 7.672847
7.488381 3.800000 7.488381 7.627976
7.444844 3.800000 7.444844 7.583628
7.401810 3.800000 7.401810 7.539792
7.359271 3.800000 7.359271 7.496461
7.317218 3.800000 7.317218 7.453624
7.275643 3.800000 7.275643 7.411274
7.234538 3.800000 7.234538 7.369403
7.193894 3.800000 7.193894 7.328002
7.153705 3.800000 7.153705 7.287064
7.113962 3.800000 7.113962 7.246580
7.074658 3.800000 7.074658 7.206544
7.035787 3.800000 7.035787 7.166948
6.997340 3.800000 6.997340 7.127785
6.959311 3.800000 6.959311 7.089047
6.921693 3.800000 6.921693 7.050728
6.884479 3.800000 6.884479 7.012821
6.847664 3.800000 6.847664 6.975320
6.811240 3.800000 6.811240 6.938217
6.775202 3.800000 6.775202 6.901508
6.739543 3.800000 6.739543 6.865184
6.704257 3.800000 6.704257 6.829241
6.669339 3.800000 6.669339 6.793672
6.634783 3.800000 6.634783 6.758472
6.600583 3.800000 6.600583 6.723635
6.566734 3.800000 6.566734 6.689155
6.533230 3.800000 6.533230 6.655027
6.500067 3.800000 6.500067 6.621245
6.467238 3.800000 6.467238 6.587805
6.434740 3.800000 6.434740 6.554700
6.402566 3.800000 6.402566 6.521927
8.545132 4.000000 8.545132 8.712635
8.488542 4.000000 8.488542 8.654936
8.432696 4.000000 8.432696 8.597997
8.377580 4.000000 8.377580 8.541801
8.323181 4.000000 8.323181 8.486336
8.269483 4.000000 8.269483 8.431586
8.216473 4.000000 8.216473 8.377537
8.164139 4.000000 8.164139 8.324178
8.112467 4.000000 8.112467 8.271494
8.061445 4.000000 8.061445 8.219472
8.011061 4.000000 8.011061 8.168101
7.961303 4.000000 7.961303 8.117368
7.912159 4.000000 7.912159 8.067261
7.863618 4.000000 7.863618 8.017769
7.815670 4.000000 7.815670 7.968881
7.768302 4.000000 7.768302 7.920585
7.721505 4.000000 7.721505 7.872871
7.675268 4.000000 7.675268 7.825729
7.629582 4.000000 7.629582 7.779147
7.584437 4.000000 7.584437 7.733117
7.539822 4.000000 7.539822 7.687629
7.495730 4.000000 7.495730 7.642672
7.452150 4.000000 7.452150 7.598239
7.409074 4.000000 7.409074 7.554318
7.366493 4.000000 7.366493 7.510903
7.324399 4.000000 7.324399 7.467984
7.282783 4.000000 7.282783 7.425553
7.241637 4.000000 7.241637 7.383601
7.200954 4.000000 7.200954 7.342120
7.160725 4.000000 7.160725 7.301103
7.120943 4.000000 7.120943 7.260542
7.081601 4.000000 7.081601 7.220429
7.042691 4.000000 7.042691 7.180756
7.004207 4.000000 7.004207 7.141517
6.966140 4.000000 6.966140 7.102705
6.928485 4.000000 6.928485 7.064312
6.891235 4.000000 6.891235 7.026332
6.854384 4.000000 6.854384 6.988759
6.817924 4.000000 6.817924 6.951585
6.781851 4.000000 6.781851 6.914804
6.746157 4.000000 6.746157 6.878411
6.710837 4.000000 6.710837 6.842398
6.675884 4.000000 6.675884 6.806761
6.641294 4.000000 6.641294 6.771493
6.607061 4.000000 6.607061 6.736589
6.573178 4.000000 6.573178 6.702042
6.539642 4.000000 6.539642 6.667848
6.506446 4.000000 6.506446 6.634002
6.473585 4.000000 6.473585 6.600497
6.441054 4.000000 6.441054 6.567329
6.408849 4.000000 6.408849 6.534492
8.553510 4.200000 8.553510 8.729388
8.496864 4.200000 8.496864 8.671578
8.440963 4.200000 8.440963 8.614529
8.385794 4.200000 8.385794 8.558226
8.331341 4.200000 8.331341 8.502653
8.277590 4.200000 8.277590 8.447798
8.224528 4.200000 8.224528 8.393646
8.172143 4.200000 8.172143 8.340184
8.120421 4.200000 8.120421 8.287399
8.069349 4.200000 8.069349 8.235277
8.018915 4.200000 8.018915 8.183807
7.969108 4.200000 7.969108 8.132977
7.919916 4.200000 7.919916 8.082773
7.871328 4.200000 7.871328 8.033186
7.823332 4.200000 7.823332 7.984204
7.775918 4.200000 7.775918 7.935815
7.729075 4.200000 7.729075 7.888010
7.682793 4.200000 7.682793 7.840777
7.637062 4.200000 7.637062 7.794106
7.591872 4.200000 7.591872 7.747987
7.547214 4.200000 7.547214 7.702411
7.503079 4.200000 7.503079 7.657368
7.459456 4.200000 7.459456 7.612849
7.416338 4.200000 7.416338 7.568845
7.373715 4.200000 7.373715 7.525346
7.331580 4.200000 7.331580 7.482344
7.289923 4.200000 7.289923 7.439831
7.248737 4.200000 7.248737 7.397799
7.208014 4.200000 7.208014 7.356238
7.167745 4.200000 7.167745 7.315142
7.127925 4.200000 7.127925 7.274503
7.088544 4.200000 7.088544 7.234313
7.049596 4.200000 7.049596 7.194564
7.011073 4.200000 7.011073 7.155250
6.972970 4.200000 6.972970 7.116363
6.935278 4.200000 6.935278 7.077896
6.897992 4.200000 6.897992 7.039843
6.861104 4.200000 6.861104 7.002197
6.824609 4.200000 6.824609 6.964952
6.788500 4.200000 6.788500 6.928101
6.752771 4.200000 6.752771 6.891637
6.717416 4.200000 6.717416 6.855556
6.682429 4.200000 6.682429 6.819850
6.647805 4.200000 6.647805 6.784514
6.613538 4.200000 6.613538 6.749543
6.579623 4.200000 6.579623 6.714930
6.546053 4.200000 6.546053 6.680670
6.512825 4.200000 6.512825 6.646758
6.479932 4.200000 6.479932 6.613189
6.447369 4.200000 6.447369 6.579957
6.415132 4.200000 6.415132 6.547058
8.561887 4.400000 8.561887 8.746141
8.505186 4.400000 8.505186 8.688220
8.449231 4.400000 8.449231 8.631061
8.394007 4.400000 8.394007 8.574650
8.339500 4.400000 8.339500 8.518971
8.285697 4.400000 8.285697 8.464011
8.232584 4.400000 8.232584 8.409755
8.180147 4.400000 8.180147 8.356190
8.128374 4.400000 8.128374 8.303303
8.077252 4.400000 8.077252 8.251082
8.026769 4.400000 8.026769 8.199513
7.976914 4.400000 7.976914 8.148585
7.927673 4.400000 7.927673 8.098286
7.879037 4.400000 7.879037 8.048603
7.830994 4.400000 7.830994 7.999527
7.783534 4.400000 7.783534 7.951046
7.736645 4.400000 7.736645 7.903148
7.690318 4.400000 7.690318 7.855824
7.644542 4.400000 7.644542 7.809064
7.599308 4.400000 7.599308 7.762857
7.554606 4.400000 7.554606 7.717194
7.510427 4.400000 7.510427 7.672064
7.466762 4.400000 7.466762 7.627460
7.423602 4.400000 7.423602 7.583371
7.380937 4.400000 7.380937 7.539788
7.338760 4.400000 7.338760 7.496704
7.297063 4.400000 7.297063 7.454110
7.255837 4.400000 7.255837 7.411996
7.215073 4.400000 7.215073 7.370356
7.174766 4.400000 7.174766 7.329182
7.134906 4.400000 7.134906 7.288464
7.095487 4.400000 7.095487 7.248197
7.056500 4.400000 7.056500 7.208372
7.017940 4.400000 7.017940 7.168982
6.979799 4.400000 6.979799 7.130021
6.942071 4.400000 6.942071 7.091480
6.904748 4.400000 6.904748 7.053354
6.867824 4.400000 6.867824 7.015636
6.831293 4.400000 6.831293 6.978319
6.795149 4.400000 6.795149 6.941397
6.759385 4.400000 6.759385 6.904864
6.723995 4.400000 6.723995 6.868713
6.688974 4.400000 6.688974 6.832939
6.654316 4.400000 6.654316 6.797535
6.620016 4.400000 6.620016 6.762497
6.586067 4.400000 6.586067 6.727817
6.552465 4.400000 6.552465 6.693492
6.519203 4.400000 6.519203 6.659515
6.486278 4.400000 6.486278 6.625881
6.453684 4.400000 6.453684 6.592586
6.421415 4.400000 6.421415 6.559623
8.570265 4.600000 8.570265 8.762894
8.513508 4.600000 8.513508 8.704862
8.457498 4.600000 8.457498 8.647594
8.402220 4.600000 8.402220 8.591074
8.347660 4.600000 8.347660 8.535289
8.293805 4.600000 8.293805 8.480223
8.240639 4.600000 8.240639 8.425863
8.188151 4.600000 8.188151 8.372196
8.136327 4.600000 8.136327 8.319208
8.085155 4.600000 8.085155 8.266887
8.034623 4.600000 8.034623 8.215219
7.984719 4.600000 7.984719 8.164193
7.935430 4.600000 7.935430 8.113798
7.886747 4.600000 7.886747 8.064020
7.838657 4.600000 7.838657 8.014850
7.791150 4.600000 7.791150 7.966276
7.744215 4.600000 7.744215 7.918287
7.697843 4.600000 7.697843 7.870872
7.652022 4.600000 7.652022 7.824022
7.606744 4.600000 7.606744 7.777727
7.561998 4.600000 7.561998 7.731976
7.517776 4.600000 7.517776 7.686760
7.474068 4.600000 7.474068 7.642070
7.430865 4.600000 7.430865 7.597897
7.388159 4.600000 7.388159 7.554231
7.345941 4.600000 7.345941 7.511064
7.304203 4.600000 7.304203 7.468388
7.262936 4.600000 7.262936 7.426194
7.222133 4.600000 7.222133 7.384475
7.181786 4.600000 7.181786 7.343221
7.141887 4.600000 7.141887 7.302426
7.102429 4.600000 7.102429 7.262081
7.063405 4.600000 7.063405 7.222180
7.024807 4.600000 7.024807 7.182715
6.986629 4.600000 6.986629 7.143678
6.948863 4.600000 6.948863 7.105064
6.911504 4.600000 6.911504 7.066865
6.874544 4.600000 6.874544 7.029075
6.837977 4.600000 6.837977 6.991687
6.801797 4.600000 6.801797 6.954694
6.765998 4.600000 6.765998 6.918090
6.730574 4.600000 6.730574 6.881870
6.695519 4.600000 6.695519 6.846028
6.660828 4.600000 6.660828 6.810556
6.626493 4.600000 6.626493 6.775450
6.592511 4.600000 6.592511 6.740705
6.558876 4.600000 6.558876 6.706314
6.525582 4.600000 6.525582 6.672272
6.492625 4.600000 6.492625 6.638574
6.459999 4.600000 6.459999 6.605214
6.427699 4.600000 6.427699 6.572188
8.578642 4.800000 8.578642 8.779646
8.521830 4.800000 8.521830 8.721504
8.465765 4.800000 8.465765 8.664126
8.410434 4.800000 8.410434 8.607499
8.355820 4.800000 8.355820 8.551607
8.301912 4.800000 8.301912 8.496436
8.248695 4.800000 8.248695 8.441972
8.196155 4.800000 8.196155 8.388202
8.144281 4.800000 8.144281 8.335113
8.093059 4.800000 8.093059 8.282691
8.042477 4.800000 8.042477 8.230925
7.992524 4.800000 7.992524 8.179802
7.943187 4.800000 7.943187 8.129310
7.894456 4.800000 7.894456 8.079437
7.846319 4.800000 7.846319 8.030173
7.798766 4.800000 7.798766 7.981506
7.751785 4.800000 7.751785 7.933425
7.705367 4.800000 7.705367 7.885920
7.659502 4.800000 7.659502 7.838981
7.614180 4.800000 7.614180 7.792597
7.569390 4.800000 7.569390 7.746758
7.525125 4.800000 7.525125 7.701456
7.481374 4.800000 7.481374 7.656681
7.438129 4.800000 7.438129 7.612423
7.395381 4.800000 7.395381 7.568674
7.353122 4.800000 7.353122 7.525424
7.311343 4.800000 7.311343 7.482667
7.270036 4.800000 7.270036 7.440392
7.229193 4.800000 7.229193 7.398593
7.188806 4.800000 7.188806 7.357260
7.148869 4.800000 7.148869 7.316387
7.109372 4.800000 7.109372 7.275965
7.070310 4.800000 7.070310 7.235988
7.031674 4.800000 7.031674 7.196447
6.993458 4.800000 6.993458 7.157336
6.955656 4.800000 6.955656 7.118648
6.918260 4.800000 6.918260 7.080376
6.881264 4.800000 6.881264 7.042514
6.844661 4.800000 6.844661 7.005054
6.808446 4.800000 6.808446 6.967990
6.772612 4.800000 6.772612 6.931317
6.737154 4.800000 6.737154 6.895028
6.702064 4.800000 6.702064 6.859116
6.667339 4.800000 6.667339 6.823577
6.632971 4.800000 6.632971 6.788404
6.598956 4.800000 6.598956 6.753592
6.565288 4.800000 6.565288 6.719136
6.531961 4.800000 6.531961 6.685029
6.498971 4.800000 6.498971 6.651266
6.466313 4.800000 6.466313 6.617843
6.433982 4.800000 6.433982 6.584754
8.587020 5.000000 8.587020 8.796399
8.530152 5.000000 8.530152 8.738146
8.474033 5.000000 8.474033 8.680659
8.418647 5.000000 8.418647 8.623923
8.363980 5.000000 8.363980 8.567924
8.310019 5.000000 8.310019 8.512648
8.256750 5.000000 8.256750 8.458081
8.204159 5.000000 8.204159 8.404208
8.152234 5.000000 8.152234 8.351018
8.100962 5.000000 8.100962 8.298496
8.050331 5.000000 8.050331 8.246631
8.000329 5.000000 8.000329 8.195410
7.950944 5.000000 7.950944 8.144822
7.902166 5.000000 7.902166 8.094854
7.853982 5.000000 7.853982 8.045496
7.806382 5.000000 7.806382 7.996736
7.759355 5.000000 7.759355 7.948564
7.712892 5.000000 7.712892 7.900968
7.666982 5.000000 7.666982 7.853939
7.621615 5.000000 7.621615 7.807466
7.576782 5.000000 7.576782 7.761541
7.532474 5.000000 7.532474 7.716152
7.488680 5.000000 7.488680 7.671291
7.445393 5.000000 7.445393 7.626949
7.402603 5.000000 7.402603 7.583116
7.360303 5.000000 7.360303 7.539784
7.318483 5.000000 7.318483 7.496945
7.277136 5.000000 7.277136 7.454590
7.236253 5.000000 7.236253 7.412711
7.195827 5.000000 7.195827 7.371299
7.155850 5.000000 7.155850 7.330348
7.116315 5.000000 7.116315 7.289849
7.077214 5.000000 7.077214 7.249796
7.038541 5.000000 7.038541 7.210180
7.000288 5.000000 7.000288 7.170994
6.962449 5.000000 6.962449 7.132232
6.925016 5.000000 6.925016 7.093887
6.887984 5.000000 6.887984 7.055952
6.851346 5.000000 6.851346 7.018421
6.815095 5.000000 6.815095 6.981287
6.779226 5.000000 6.779226 6.944544
6.743733 5.000000 6.743733 6.908185
6.708609 5.000000 6.708609 6.872205
6.673850 5.000000 6.673850 6.836598
6.639448 5.000000 6.639448 6.801358
6.605400 5.000000 6.605400 6.766480
6.571699 5.000000 6.571699 6.731957
6.538340 5.000000 6.538340 6.697785
6.505318 5.000000 6.505318 6.663958
6.472628 5.000000 6.472628 6.630471
6.440265 5.000000 6.440265 6.597319
8.595398 5.200000 8.595398 8.813152
8.538474 5.200000 8.538474 8.754788
8.482300 5.200000 8.482300 8.697191
8.426860 5.200000 8.426860 8.640348
8.372140 5.200000 8.372140 8.584242
8.318127 5.200000 8.318127 8.528861
8.264805 5.200000 8.264805 8.474189
8.212163 5.200000 8.212163 8.420214
8.160188 5.200000 8.160188 8.366922
8.108866 5.200000 8.108866 8.314301
8.058185 5.200000 8.058185 8.262337
8.008134 5.200000 8.008134 8.211019
7.958701 5.200000 7.958701 8.160334
7.909875 5.200000 7.909875 8.110271
7.861644 5.200000 7.861644 8.060819
7.813998 5.200000 7.813998 8.011966
7.766925 5.200000 7.766925 7.963702
7.720417 5.200000 7.720417 7.916016
7.674462 5.200000 7.674462 7.868897
7.629051 5.200000 7.629051 7.822336
7.584174 5.200000 7.584174 7.776323
7.539822 5.200000 7.539822 7.730848
7.495986 5.200000 7.495986 7.685901
7.452657 5.200000 7.452657 7.641475
7.409825 5.200000 7.409825 7.597559
7.367484 5.200000 7.367484 7.554145
7.325623 5.200000 7.325623 7.511224
7.284235 5.200000 7.284235 7.468788
7.243313 5.200000 7.243313 7.426829
7.202847 5.200000 7.202847 7.385339
7.162831 5.200000 7.162831 7.344309
7.123258 5.200000 7.123258 7.303733
7.084119 5.200000 7.084119 7.263603
7.045408 5.200000 7.045408 7.223912
7.007118 5.200000 7.007118 7.184652
6.969241 5.200000 6.969241 7.145816
6.931772 5.200000 6.931772 7.107398
6.894704 5.200000 6.894704 7.069391
6.858030 5.200000 6.858030 7.031788
6.821744 5.200000 6.821744 6.994584
6.785840 5.200000 6.785840 6.957770
6.750312 5.200000 6.750312 6.921342
6.715154 5.200000 6.715154 6.885294
6.680361 5.200000 6.680361 6.849619
6.645926 5.200000 6.645926 6.814312
6.611844 5.200000 6.611844 6.779367
6.578110 5.200000 6.578110 6.744779
6.544719 5.200000 6.544719 6.710542
6.511665 5.200000 6.511665 6.676651
6.478943 5.200000 6.478943 6.643100
6.446548 5.200000 6.446548 6.609885
8.603775 5.400000 8.603775 8.829905
8.546796 5.400000 8.546796 8.771430
8.490568 5.400000 8.490568 8.713724
8.435074 5.400000 8.435074 8.656772
8.380300 5.400000 8.380300 8.600560
8.326234 5.400000 8.326234 8.545073
8.272861 5.400000 8.272861 8.490298
8.220167 5.400000 8.220167 8.436220
8.168141 5.400000 8.168141 8.382827
8.116769 5.400000 8.116769 8.330106
8.066039 5.400000 8.066039 8.278043
8.015940 5.400000 8.015940 8.226627
7.966458 5.400000 7.966458 8.175846
7.917584 5.400000 7.917584 8.125688
7.869306 5.400000 7.869306 8.076142
7.821614 5.400000 7.821614 8.027196
7.774496 5.400000 7.774496 7.978840
7.727942 5.400000 7.727942 7.931064
7.681942 5.400000 7.681942 7.883855
7.636487 5.400000 7.636487 7.837206
7.591566 5.400000 7.591566 7.791105
7.547171 5.400000 7.547171 7.745544
7.503292 5.400000 7.503292 7.700512
7.459921 5.400000 7.459921 7.656001
7.417047 5.400000 7.417047 7.612001
7.374664 5.400000 7.374664 7.568505
7.332763 5.400000 7.332763 7.525502
7.291335 5.400000 7.291335 7.482986
7.250372 5.400000 7.250372 7.440947
7.209867 5.400000 7.209867 7.399378
7.169813 5.400000 7.169813 7.358271
7.130200 5.400000 7.130200 7.317618
7.091023 5.400000 7.091023 7.277411
7.052275 5.400000 7.052275 7.237644
7.013947 5.400000 7.013947 7.198310
6.976034 5.400000 6.976034 7.159400
6.938528 5.400000 6.938528 7.120909
6.901424 5.400000 6.901424 7.082830
6.864714 5.400000 6.864714 7.045156
6.828393 5.400000 6.828393 7.007880
6.792454 5.400000 6.792454 6.970997
6.756891 5.400000 6.756891 6.934500
6.721699 5.400000 6.721699 6.898383
6.686872 5.400000 6.686872 6.862640
6.652403 5.400000 6.652403 6.827266
6.618289 5.400000 6.618289 6.792255
6.584522 5.400000 6.584522 6.757601
6.551098 5.400000 6.551098 6.723299
6.518011 5.400000 6.518011 6.689343
6.485258 5.400000 6.485258 6.655728
6.452831 5.400000 6.452831 6.622450
8.612153 5.600000 8.612153 8.846658
8.555119 5.600000 8.555119 8.788071
8.498835 5.600000 8.498835 8.730256
8.443287 5.600000 8.443287 8.673196
8.388460 5.600000 8.388460 8.616878
8.334341 5.600000 8.334341 8.561286
8.280916 5.600000 8.280916 8.506406
8.228171 5.600000 8.228171 8.452226
8.176094 5.600000 8.176094 8.398732
8.124672 5.600000 8.124672 8.345910
8.073893 5.600000 8.073893 8.293749
8.023745 5.600000 8.023745 8.242236
7.974215 5.600000 7.974215 8.191359
7.925294 5.600000 7.925294 8.141106
7.876969 5.600000 7.876969 8.091465
7.829230 5.600000 7.829230 8.042427
7.782066 5.600000 7.782066 7.993979
7.735466 5.600000 7.735466 7.946111
7.689422 5.600000 7.689422 7.898814
7.643922 5.600000 7.643922 7.852076
7.598958 5.600000 7.598958 7.805888
7.554520 5.600000 7.554520 7.760240
7.510598 5.600000 7.510598 7.715122
7.467184 5.600000 7.467184 7.670527
7.424270 5.600000 7.424270 7.626444
7.381845 5.600000 7.381845 7.582865
7.339903 5.600000 7.339903 7.539781
7.298434 5.600000 7.298434 7.497184
7.257432 5.600000 7.257432 7.455065
7.216888 5.600000 7.216888 7.413417
7.176794 5.600000 7.176794 7.372232
7.137143 5.600000 7.137143 7.331502
7.097928 5.600000 7.097928 7.291219
7.059142 5.600000 7.059142 7.251377
7.020777 5.600000 7.020777 7.211968
6.982826 5.600000 6.982826 7.172984
6.945284 5.600000 6.945284 7.134420
6.908144 5.600000 6.908144 7.096269
6.871398 5.600000 6.871398 7.058523
6.835042 5.600000 6.835042 7.021177
6.799068 5.600000 6.799068 6.984223
6.763471 5.600000 6.763471 6.947657
6.728244 5.600000 6.728244 6.911472
6.693383 5.600000 6.693383 6.875661
6.658881 5.600000 6.658881 6.840220
6.624733 5.600000 6.624733 6.805142
6.590933 5.600000 6.590933 6.770423
6.557477 5.600000 6.557477 6.736055
6.524358 5.600000 6.524358 6.702035
6.491572 5.600000 6.491572 6.668357
6.459114 5.600000 6.459114 6.635015
8.620530 5.800000 8.620530 8.863410
8.563441 5.800000 8.563441 8.804713
8.507102 5.800000 8.507102 8.746788
8.451500 5.800000 8.451500 8.689621
8.396620 5.800000 8.396620 8.633196
8.342449 5.800000 8.342449 8.577498
8.288971 5.800000 8.288971 8.522515
8.236175 5.800000 8.236175 8.468232
8.184048 5.800000 8.184048 8.414637
8.132576 5.800000 8.132576 8.361715
8.081747 5.800000 8.081747 8.309455
8.031550 5.800000 8.031550 8.257844
7.981972 5.800000 7.981972 8.206871
7.933003 5.800000 7.933003 8.156523
7.884631 5.800000 7.884631 8.106788
7.836846 5.800000 7.836846 8.057657
7.789636 5.800000 7.789636 8.009117
7.742991 5.800000 7.742991 7.961159
7.696902 5.800000 7.696902 7.913772
7.651358 5.800000 7.651358 7.866945
7.606350 5.800000 7.606350 7.820670
7.561869 5.800000 7.561869 7.774936
7.517904 5.800000 7.517904 7.729733
7.474448 5.800000 7.474448 7.685053
7.431492 5.800000 7.431492 7.640887
7.389026 5.800000 7.389026 7.597225
7.347043 5.800000 7.347043 7.554059
7.305534 5.800000 7.305534 7.511381
7.264492 5.800000 7.264492 7.469183
7.223908 5.800000 7.223908 7.427456
7.183775 5.800000 7.183775 7.386193
7.144086 5.800000 7.144086 7.345386
7.104833 5.800000 7.104833 7.305027
7.066008 5.800000 7.066008 7.265109
7.027606 5.800000 7.027606 7.225625
6.989619 5.800000 6.989619 7.186568
6.952041 5.800000 6.952041 7.147931
6.914864 5.800000 6.914864 7.109707
6.878083 5.800000 6.878083 7.071890
6.841691 5.800000 6.841691 7.034473
6.805682 5.800000 6.805682 6.997450
6.770050 5.800000 6.770050 6.960815
6.734789 5.800000 6.734789 6.924561
6.699894 5.800000 6.699894 6.888682
6.665358 5.800000 6.665358 6.853174
6.631177 5.800000 6.631177 6.818030
6.597345 5.800000 6.597345 6.783244
6.563856 5.800000 6.563856 6.748812
6.530705 5.800000 6.530705 6.714727
6.497887 5.800000 6.497887 6.680985
6.465398 5.800000 6.465398 6.647581
8.628908 6.000000 8.628908 8.880163
8.571763 6.000000 8.571763 8.821355
8.515370 6.000000 8.515370 8.763321
8.459714 6.000000 8.459714 8.706045
8.404780 6.000000 8.404780 8.649513
8.350556 6.000000 8.350556 8.593711
8.297027 6.000000 8.297027 8.538624
8.244179 6.000000 8.244179 8.484238
8.192001 6.000000 8.192001 8.430542
8.140479 6.000000 8.140479 8.377520
8.089601 6.000000 8.089601 8.325161
8.039355 6.000000 8.039355 8.273453
7.989729 6.000000 7.989729 8.222383
7.940713 6.000000 7.940713 8.171940
7.892294 6.000000 7.892294 8.122111
7.844462 6.000000 7.844462 8.072887
7.797206 6.000000 7.797206 8.024256
7.750516 6.000000 7.750516 7.976207
7.704382 6.000000 7.704382 7.928730
7.658794 6.000000 7.658794 7.881815
7.613742 6.000000 7.613742 7.835452
7.569217 6.000000 7.569217 7.789631
7.525210 6.000000 7.525210 7.744343
7.481712 6.000000 7.481712 7.699579
7.438714 6.000000 7.438714 7.655329
7.396207 6.000000 7.396207 7.611585
7.354183 6.000000 7.354183 7.568338
7.312634 6.000000 7.312634 7.525579
7.271552 6.000000 7.271552 7.483301
7.230928 6.000000 7.230928 7.441496
7.190757 6.000000 7.190757 7.400154
7.151029 6.000000 7.151029 7.359270
7.111737 6.000000 7.111737 7.318835
7.072875 6.000000 7.072875 7.278842
7.034436 6.000000 7.034436 7.239283
6.996412 6.000000 6.996412 7.200152
6.958797 6.000000 6.958797 7.161442
6.921584 6.000000 6.921584 7.123146
6.884767 6.000000 6.884767 7.085258
6.848340 6.000000 6.848340 7.047770
6.812296 6.000000 6.812296 7.010677
6.776629 6.000000 6.776629 6.973972
6.741334 6.000000 6.741334 6.937649
6.706405 6.000000 6.706405 6.901703
6.671836 6.000000 6.671836 6.866128
6.637621 6.000000 6.637621 6.830917
6.603756 6.000000 6.603756 6.796066
6.570234 6.000000 6.570234 6.761569
6.537051 6.000000 6.537051 6.727420
6.504202 6.000000 6.504202 6.693614
6.471681 6.000000 6.471681 6.660146
8.637285 6.200000 8.637285 8.896916
8.580085 6.200000 8.580085 8.837997
8.523637 6.200000 8.523637 8.779853
8.467927 6.200000 8.467927 8.722470
8.412940 6.200000 8.412940 8.665831
8.358663 6.200000 8.358663 8.609923
8.305082 6.200000 8.305082 8.554732
8.252184 6.200000 8.252184 8.500245
8.199954 6.200000 8.199954 8.446446
8.148382 6.200000 8.148382 8.393325
8.097455 6.200000 8.097455 8.340867
8.047160 6.200000 8.047160 8.289061
7.997486 6.200000 7.997486 8.237895
7.948422 6.200000 7.948422 8.187357
7.899956 6.200000 7.899956 8.137434
7.852078 6.200000 7.852078 8.088117
7.804776 6.200000 7.804776 8.039394
7.758041 6.200000 7.758041 7.991255
7.711862 6.200000 7.711862 7.943689
7.666230 6.200000 7.666230 7.896685
7.621134 6.200000 7.621134 7.850235
7.576566 6.200000 7.576566 7.804327
7.532516 6.200000 7.532516 7.758954
7.488976 6.200000 7.488976 7.714105
7.445936 6.200000 7.445936 7.669772
7.403387 6.200000 7.403387 7.625945
7.361323 6.200000 7.361323 7.582616
7.319733 6.200000 7.319733 7.539777
7.278611 6.200000 7.278611 7.497419
7.237949 6.200000 7.237949 7.455535
7.197738 6.200000 7.197738 7.414116
7.157971 6.200000 7.157971 7.373154
7.118642 6.200000 7.118642 7.332643
7.079742 6.200000 7.079742 7.292574
7.041265 6.200000 7.041265 7.252941
7.003204 6.200000 7.003204 7.213736
6.965553 6.200000 6.965553 7.174953
6.928304 6.200000 6.928304 7.136585
6.891451 6.200000 6.891451 7.098625
6.854988 6.200000 6.854988 7.061066
6.818910 6.200000 6.818910 7.023903
6.783208 6.200000 6.783208 6.987129
6.747879 6.200000 6.747879 6.950738
6.712916 6.200000 6.712916 6.914725
6.678313 6.200000 6.678313 6.879082
6.644066 6.200000 6.644066 6.843805
6.610167 6.200000 6.610167 6.808888
6.576613 6.200000 6.576613 6.774325
6.543398 6.200000 6.543398 6.740112
6.510517 6.200000 6.510517 6.706242
6.477964 6.200000 6.477964 6.672711
8.645663 6.400000 8.645663 8.913669
8.588407 6.400000 8.588407 8.854639
8.531904 6.400000 8.531904 8.796386
8.476140 6.400000 8.476140 8.738894
8.421100 6.400000 8.421100 8.682149
8.366771 6.400000 8.366771 8.626136
8.313137 6.400000 8.313137 8.570841
8.260188 6.400000 8.260188 8.516251
8.207908 6.400000 8.207908 8.462351
8.156286 6.400000 8.156286 8.409130
8.105309 6.400000 8.105309 8.356573
8.054966 6.400000 8.054966 8.304670
8.005244 6.400000 8.005244 8.253407
7.956132 6.400000 7.956132 8.202774
7.907619 6.400000 7.907619 8.152757
7.859694 6.400000 7.859694 8.103347
7.812346 6.400000 7.812346 8.054533
7.765566 6.400000 7.765566 8.006303
7.719342 6.400000 7.719342 7.958647
7.673665 6.400000 7.673665 7.911555
7.628526 6.400000 7.628526 7.865017
7.583915 6.400000 7.583915 7.819023
7.539822 6.400000 7.539822 7.773564
7.496240 6.400000 7.496240 7.728631
7.453158 6.400000 7.453158 7.684214
7.410568 6.400000 7.410568 7.640305
7.368463 6.400000 7.368463 7.596895
7.326833 6.400000 7.326833 7.553975
7.285671 6.400000 7.285671 7.511537
7.244969 6.400000 7.244969 7.469574
7.204719 6.400000 7.204719 7.428077
7.164914 6.400000 7.164914 7.387038
7.125546 6.400000 7.125546 7.346451
7.086609 6.400000 7.086609 7.306307
7.048095 6.400000 7.048095 7.266599
7.009997 6.400000 7.009997 7.227320
6.972309 6.400000 6.972309 7.188464
6.935024 6.400000 6.935024 7.150024
6.898135 6.400000 6.898135 7.111992
6.861637 6.400000 6.861637 7.074363
6.825523 6.400000 6.825523 7.037130
6.789788 6.400000 6.789788 7.000287
6.754424 6.400000 6.754424 6.963827
6.719427 6.400000 6.719427 6.927746
6.684791 6.400000 6.684791 6.892036
6.650510 6.400000 6.650510 6.856692
6.616579 6.400000 6.616579 6.821710
6.582992 6.400000 6.582992 6.787082
6.549745 6.400000 6.549745 6.752804
6.516831 6.400000 6.516831 6.718871
6.484247 6.400000 6.484247 6.685277
8.654041 6.600000 8.654041 8.930422
8.596729 6.600000 8.596729 8.871281
8.540172 6.600000 8.540172 8.812918
8.484353 6.600000 8.484353 8.755318
8.429260 6.600000 8.429260 8.698467
8.374878 6.600000 8.374878 8.642348
8.321193 6.600000 8.321193 8.586950
8.268192 6.600000 8.268192 8.532257
8.215861 6.600000 8.215861 8.478256
8.164189 6.600000 8.164189 8.424934
8.113163 6.600000 8.113163 8.372279
8.062771 6.600000 8.062771 8.320278
8.013001 6.600000 8.013001 8.268919
7.963841 6.600000 7.963841 8.218191
7.915281 6.600000 7.915281 8.168080
7.867310 6.600000 7.867310 8.118578
7.819916 6.600000 7.819916 8.069671
7.773090 6.600000 7.773090 8.021351
7.726822 6.600000 7.726822 7.973605
7.681101 6.600000 7.681101 7.926425
7.635918 6.600000 7.635918 7.879799
7.591264 6.600000 7.591264 7.833719
7.547128 6.600000 7.547128 7.788175
7.503503 6.600000 7.503503 7.743157
7.460380 6.600000 7.460380 7.698657
7.417749 6.600000 7.417749 7.654665
7.375603 6.600000 7.375603 7.611173
7.333933 6.600000 7.333933 7.568173
7.292731 6.600000 7.292731 7.525656
7.251989 6.600000 7.251989 7.483613
7.211700 6.600000 7.211700 7.442038
7.171857 6.600000 7.171857 7.400923
7.132451 6.600000 7.132451 7.360259
7.093476 6.600000 7.093476 7.320039
7.054924 6.600000 7.054924 7.280257
7.016790 6.600000 7.016790 7.240904
6.979065 6.600000 6.979065 7.201975
6.941744 6.600000 6.941744 7.163462
6.904820 6.600000 6.904820 7.125359
6.868286 6.600000 6.868286 7.087660
6.832137 6.600000 6.832137 7.050356
6.796367 6.600000 6.796367 7.013444
6.760969 6.600000 6.760969 6.976916
6.725938 6.600000 6.725938 6.940767
6.691268 6.600000 6.691268 6.904990
6.656954 6.600000 6.656954 6.869580
6.622990 6.600000 6.622990 6.834531
6.589371 6.600000 6.589371 6.799839
6.556091 6.600000 6.556091 6.765497
6.523146 6.600000 6.523146 6.731499
6.490530 6.600000 6.490530 6.697842
8.662418 6.800000 8.662418 8.947175
8.605051 6.800000 8.605051 8.887923
8.548439 6.800000 8.548439 8.829451
8.492567 6.800000 8.492567 8.771743
8.437420 6.800000 8.437420 8.714784
8.382985 6.800000 8.382985 8.658561
8.329248 6.800000 8.329248 8.603058
8.276196 6.800000 8.276196 8.548263
8.223815 6.800000 8.223815 8.494161
8.172093 6.800000 8.172093 8.440739
8.121017 6.800000 8.121017 8.387985
8.070576 6.800000 8.070576 8.335887
8.020758 6.800000 8.020758 8.284432
7.971550 6.800000 7.971550 8.233608
7.922943 6.800000 7.922943 8.183404
7.874926 6.800000 7.874926 8.133808
7.827486 6.800000 7.827486 8.084810
7.780615 6.800000 7.780615 8.036398
7.734302 6.800000 7.734302 7.988563
7.688537 6.800000 7.688537 7.941295
7.643310 6.800000 7.643310 7.894582
7.598612 6.800000 7.598612 7.848415
7.554434 6.800000 7.554434 7.802786
7.510767 6.800000 7.510767 7.757683
7.467602 6.800000 7.467602 7.713100
7.424930 6.800000 7.424930 7.669025
7.382743 6.800000 7.382743 7.625452
7.341032 6.800000 7.341032 7.582371
7.299791 6.800000 7.299791 7.539774
7.259010 6.800000 7.259010 7.497653
7.218682 6.800000 7.218682 7.456000
7.178800 6.800000 7.178800 7.414807
7.139356 6.800000 7.139356 7.374066
7.100343 6.800000 7.100343 7.333772
7.061754 6.800000 7.061754 7.293915
7.023582 6.800000 7.023582 7.254488
6.985821 6.800000 6.985821 7.215486
6.948464 6.800000 6.948464 7.176901
6.911504 6.800000 6.911504 7.138727
6.874935 6.800000 6.874935 7.100956
6.838751 6.800000 6.838751 7.063583
6.802946 6.800000 6.802946 7.026601
6.767514 6.800000 6.767514 6.990005
6.732449 6.800000 6.732449 6.953788
6.697746 6.800000 6.697746 6.917944
6.663399 6.800000 6.663399 6.882468
6.629402 6.800000 6.629402 6.847353
6.595750 6.800000 6.595750 6.812595
6.562438 6.800000 6.562438 6.778189
6.529461 6.800000 6.529461 6.744128
6.496814 6.800000 6.496814 6.710408
8.670796 7.000000 8.670796 8.963927
8.613373 7.000000 8.613373 8.904565
8.556706 7.000000 8.556706 8.845983
8.500780 7.000000 8.500780 8.788167
8.445580 7.000000 8.445580 8.731102
8.391093 7.000000 8.391093 8.674774
8.337304 7.000000 8.337304 8.619167
8.284200 7.000000 8.284200 8.564269
8.231768 7.000000 8.231768 8.510065
8.179996 7.000000 8.179996 8.456544
8.128871 7.000000 8.128871 8.403691
8.078381 7.000000 8.078381 8.351495
8.028515 7.000000 8.028515 8.299944
7.979260 7.000000 7.979260 8.249025
7.930606 7.000000 7.930606 8.198727
7.882542 7.000000 7.882542 8.149038
7.835056 7.000000 7.835056 8.099948
7.788140 7.000000 7.788140 8.051446
7.741782 7.000000 7.741782 8.003522
7.695973 7.000000 7.695973 7.956164
7.650702 7.000000 7.650702 7.909364
7.605961 7.000000 7.605961 7.863111
7.561740 7.000000 7.561740 7.817396
7.518031 7.000000 7.518031 7.772209
7.474824 7.000000 7.474824 7.727542
7.432111 7.000000 7.432111 7.683385
7.389883 7.000000 7.389883 7.639730
7.348132 7.000000 7.348132 7.596569
7.306850 7.000000 7.306850 7.553892
7.266030 7.000000 7.266030 7.511692
7.225663 7.000000 7.225663 7.469961
7.185742 7.000000 7.185742 7.428691
7.146260 7.000000 7.146260 7.387874
7.107210 7.000000 7.107210 7.347504
7.068583 7.000000 7.068583 7.307572
7.030375 7.000000 7.030375 7.268072
6.992577 7.000000 6.992577 7.228997
6.955184 7.000000 6.955184 7.190340
6.918188 7.000000 6.918188 7.152094
6.881584 7.000000 6.881584 7.114253
6.845365 7.000000 6.845365 7.076810
6.809525 7.000000 6.809525 7.039759
6.774059 7.000000 6.774059 7.003094
6.738960 7.000000 6.738960 6.966809
6.704223 7.000000 6.704223 6.930898
6.669843 7.000000 6.669843 6.895355
6.635813 7.000000 6.635813 6.860175
6.602129 7.000000 6.602129 6.825352
6.568785 7.000000 6.568785 6.790881
6.535776 7.000000 6.535776 6.756756
6.503097 7.000000 6.503097 6.722973
8.679173 7.200000 8.679173 8.980680
8.621695 7.200000 8.621695 8.921207
8.564974 7.200000 8.564974 8.862516
8.508993 7.200000 8.508993 8.804592
8.453740 7.200000 8.453740 8.747420
8.399200 7.200000 8.399200 8.690986
8.345359 7.200000 8.345359 8.635276
8.292204 7.200000 8.292204 8.580275
8.239721 7.200000 8.239721 8.525970
8.187899 7.200000 8.187899 8.472349
8.136725 7.200000 8.136725 8.419397
8.086186 7.200000 8.086186 8.367104
8.036272 7.200000 8.036272 8.315456
7.986969 7.200000 7.986969 8.264442
7.938268 7.200000 7.938268 8.214050
7.890158 7.200000 7.890158 8.164268
7.842626 7.200000 7.842626 8.115087
7.795665 7.200000 7.795665 8.066494
7.749262 7.200000 7.749262 8.018480
7.703408 7.200000 7.703408 7.971034
7.658094 7.200000 7.658094 7.924146
7.613310 7.200000 7.613310 7.877807
7.569046 7.200000 7.569046 7.832007
7.525295 7.200000 7.525295 7.786735
7.482046 7.200000 7.482046 7.741985
7.439291 7.200000 7.439291 7.697745
7.397023 7.200000 7.397023 7.654009
7.355232 7.200000 7.355232 7.610766
7.313910 7.200000 7.313910 7.568010
7.273050 7.200000 7.273050 7.525731
7.232644 7.200000 7.232644 7.483922
7.192685 7.200000 7.192685 7.442575
7.153165 7.200000 7.153165 7.401682
7.114076 7.200000 7.114076 7.361236
7.075413 7.200000 7.075413 7.321230
7.037168 7.200000 7.037168 7.281656
6.999333 7.200000 6.999333 7.242508
6.961904 7.200000 6.961904 7.203779
6.924872 7.200000 6.924872 7.165461
6.888233 7.200000 6.888233 7.127549
6.851979 7.200000 6.851979 7.090036
6.816105 7.200000 6.816105 7.052916
6.780604 7.200000 6.780604 7.016183
6.745471 7.200000 6.745471 6.979830
6.710701 7.200000 6.710701 6.943852
6.676287 7.200000 6.676287 6.908243
6.642224 7.200000 6.642224 6.872997
6.608508 7.200000 6.608508 6.838109
6.575131 7.200000 6.575131 6.803573
6.542090 7.200000 6.542090 6.769385
6.509380 7.200000 6.509380 6.735538
8.687551 7.400000 8.687551 8.997433
8.630017 7.400000 8.630017 8.937849
8.573241 7.400000 8.573241 8.879048
8.517207 7.400000 8.517207 8.821016
8.461900 7.400000 8.461900 8.763738
8.407307 7.400000 8.407307 8.707199
8.353414 7.400000 8.353414 8.651384
8.300208 7.400000 8.300208 8.596281
8.247675 7.400000 8.247675 8.541875
8.195803 7.400000 8.195803 8.488154
8.144579 7.400000 8.144579 8.435104
8.093992 7.400000 8.093992 8.382712
8.044029 7.400000 8.044029 8.330968
7.994679 7.400000 7.994679 8.279859
7.945931 7.400000 7.945931 8.229373
7.897774 7.400000 7.897774 8.179499
7.850197 7.400000 7.850197 8.130225
7.803189 7.400000 7.803189 8.081542
7.756742 7.400000 7.756742 8.033438
7.710844 7.400000 7.710844 7.985904
7.665486 7.400000 7.665486 7.938929
7.620659 7.400000 7.620659 7.892503
7.576353 7.400000 7.576353 7.846617
7.532559 7.400000 7.532559 7.801262
7.489268 7.400000 7.489268 7.756427
7.446472 7.400000 7.446472 7.712106
7.404163 7.400000 7.404163 7.668287
7.362331 7.400000 7.362331 7.624964
7.320970 7.400000 7.320970 7.582128
7.280071 7.400000 7.280071 7.539770
7.239626 7.400000 7.239626 7.497883
7.199628 7.400000 7.199628 7.456459
7.160069 7.400000 7.160069 7.415490
7.120943 7.400000 7.120943 7.374969
7.082243 7.400000 7.082243 7.334888
7.043960 7.400000 7.043960 7.295241
7.006089 7.400000 7.006089 7.256019
6.968624 7.400000 6.968624 7.217218
6.931557 7.400000 6.931557 7.178829
6.894882 7.400000 6.894882 7.140846
6.858593 7.400000 6.858593 7.103263
6.822684 7.400000 6.822684 7.066073
6.787149 7.400000 6.787149 7.029271
6.751983 7.400000 6.751983 6.992851
6.717179 7.400000 6.717179 6.956806
6.682731 7.400000 6.682731 6.921130
6.648636 7.400000 6.648636 6.885819
6.614886 7.400000 6.614886 6.850866
6.581478 7.400000 6.581478 6.816266
6.548405 7.400000 6.548405 6.782013
6.515663 7.400000 6.515663 6.748104
8.695928 7.600000 8.695928 9.014186
8.638340 7.600000 8.638340 8.954490
8.581508 7.600000 8.581508 8.895581
8.525420 7.600000 8.525420 8.837441
8.470060 7.600000 8.470060 8.780056
8.415415 7.600000 8.415415 8.723411
8.361470 7.600000 8.361470 8.667493
8.308212 7.600000 8.308212 8.612287
8.255628 7.600000 8.255628 8.557780
8.203706 7.600000 8.203706 8.503958
8.152433 7.600000 8.152433 8.450810
8.101797 7.600000 8.101797 8.398321
8.051786 7.600000 8.051786 8.346480
8.002388 7.600000 8.002388 8.295276
7.953593 7.600000 7.953593 8.244696
7.905390 7.600000 7.905390 8.194729
7.857767 7.600000 7.857767 8.145364
7.810714 7.600000 7.810714 8.096590
7.764222 7.600000 7.764222 8.048397
7.718280 7.600000 7.718280 8.000774
7.672878 7.600000 7.672878 7.953711
7.628007 7.600000 7.628007 7.907199
7.583659 7.600000 7.583659 7.861228
7.539822 7.600000 7.539822 7.815788
7.496490 7.600000 7.496490 7.770870
7.453653 7.600000 7.453653 7.726466
7.411303 7.600000 7.411303 7.682566
7.369431 7.600000 7.369431 7.639162
7.328030 7.600000 7.328030 7.596246
7.287091 7.600000 7.287091 7.553810
7.246607 7.600000 7.246607 7.511845
7.206571 7.600000 7.206571 7.470343
7.166974 7.600000 7.166974 7.429298
7.127810 7.600000 7.127810 7.388701
7.089072 7.600000 7.089072 7.348546
7.050753 7.600000 7.050753 7.308825
7.012846 7.600000 7.012846 7.269530
6.975344 7.600000 6.975344 7.230656
6.938241 7.600000 6.938241 7.192196
6.901531 7.600000 6.901531 7.154142
6.865207 7.600000 6.865207 7.116490
6.829263 7.600000 6.829263 7.079231
6.793694 7.600000 6.793694 7.042360
6.758494 7.600000 6.758494 7.005872
6.723656 7.600000 6.723656 6.969760
6.689176 7.600000 6.689176 6.934018
6.655047 7.600000 6.655047 6.898640
6.621265 7.600000 6.621265 6.863622
6.587825 7.600000 6.587825 6.828958
6.554720 7.600000 6.554720 6.794642
6.521946 7.600000 6.521946 6.760669
8.704306 7.800000 8.704306 9.030939
8.646662 7.800000 8.646662 8.971132
8.589776 7.800000 8.589776 8.912113
8.533633 7.800000 8.533633 8.853865
8.478220 7.800000 8.478220 8.796374
8.423522 7.800000 8.423522 8.739624
8.369525 7.800000 8.369525 8.683602
8.316216 7.800000 8.316216 8.628293
8.263582 7.800000 8.263582 8.573685
8.211609 7.800000 8.211609 8.519763
8.160287 7.800000 8.160287 8.466516
8.109602 7.800000 8.109602 8.413930
8.059543 7.800000 8.059543 8.361993
8.010098 7.800000 8.010098 8.310693
7.961256 7.800000 7.961256 8.260019
7.913005 7.800000 7.913005 8.209959
7.865337 7.800000 7.865337 8.160502
7.818239 7.800000 7.818239 8.111638
7.771702 7.800000 7.771702 8.063355
7.725715 7.800000 7.725715 8.015644
7.680270 7.800000 7.680270 7.968494
7.635356 7.800000 7.635356 7.921895
7.590965 7.800000 7.590965 7.875838
7.547086 7.800000 7.547086 7.830314
7.503712 7.800000 7.503712 7.785313
7.460834 7.800000 7.460834 7.740826
7.418443 7.800000 7.418443 7.696844
7.376531 7.800000 7.376531 7.653360
7.335089 7.800000 7.335089 7.610364
7.294111 7.800000 7.294111 7.567849
7.253588 7.800000 7.253588 7.525806
7.213513 7.800000 7.213513 7.484227
7.173879 7.800000 7.173879 7.443106
7.134677 7.800000 7.134677 7.402434
7.095902 7.800000 7.095902 7.362204
7.057545 7.800000 7.057545 7.322409
7.019602 7.800000 7.019602 7.283041
6.982064 7.800000 6.982064 7.244095
6.944925 7.800000 6.944925 7.205563
6.908179 7.800000 6.908179 7.167439
6.871821 7.800000 6.871821 7.129716
6.835842 7.800000 6.835842 7.092388
6.800239 7.800000 6.800239 7.055449
6.765005 7.800000 6.765005 7.018893
6.730134 7.800000 6.730134 6.982713
6.695620 7.800000 6.695620 6.946905
6.661459 7.800000 6.661459 6.911462
6.627644 7.800000 6.627644 6.876379
6.594171 7.800000 6.594171 6.841650
6.561035 7.800000 6.561035 6.807271
6.528230 7.800000 6.528230 6.773235
8.712684 8.000000 8.712684 9.047692
8.654984 8.000000 8.654984 8.987774
8.598043 8.000000 8.598043 8.928645
8.541847 8.000000 8.541847 8.870289
8.486380 8.000000 8.486380 8.812691
8.431629 8.000000 8.431629 8.755836
8.377580 8.000000 8.377580 8.699710
8.324220 8.000000 8.324220 8.644299
8.271535 8.000000 8.271535 8.589590
8.219513 8.000000 8.219513 8.535568
8.168141 8.000000 8.168141 8.482222
8.117407 8.000000 8.117407 8.429538
8.067300 8.000000 8.067300 8.377505
8.017807 8.000000 8.017807 8.326110
7.968918 8.000000 7.968918 8.275342
7.920621 8.000000 7.920621 8.225189
7.872907 8.000000 7.872907 8.175641
7.825764 8.000000 7.825764 8.126686
7.779182 8.000000 7.779182 8.078313
7.733151 8.000000 7.733151 8.030513
7.687662 8.000000 7.687662 7.983276
7.642705 8.000000 7.642705 7.936591
7.598271 8.000000 7.598271 7.890449
7.554350 8.000000 7.554350 7.844840
7.510934 8.000000 7.510934 7.799755
7.468015 8.000000 7.468015 7.755186
7.425583 8.000000 7.425583 7.711123
7.383630 8.000000 7.383630 7.667558
7.342149 8.000000 7.342149 7.624482
7.301132 8.000000 7.301132 7.581888
7.260570 8.000000 7.260570 7.539767
7.220456 8.000000 7.220456 7.498112
7.180783 8.000000 7.180783 7.456914
7.141544 8.000000 7.141544 7.416166
7.102731 8.000000 7.102731 7.375862
7.064338 8.000000 7.064338 7.335993
7.026358 8.000000 7.026358 7.296552
6.988784 8.000000 6.988784 7.257534
6.951609 8.000000 6.951609 7.218930
6.914828 8.000000 6.914828 7.180736
6.878434 8.000000 6.878434 7.142943
6.842422 8.000000 6.842422 7.105546
6.806784 8.000000 6.806784 7.068538
6.771516 8.000000 6.771516 7.031914
6.736611 8.000000 6.736611 6.995667
6.702064 8.000000 6.702064 6.959793
6.667870 8.000000 6.667870 6.924284
6.634023 8.000000 6.634023 6.889136
6.600518 8.000000 6.600518 6.854343
6.567349 8.000000 6.567349 6.819899
6.534513 8.000000 6.534513 6.785800
8.721061 8.200000 8.721061 9.064444
8.663306 8.200000 8.663306 9.004416
8.606310 8.200000 8.606310 8.945178
8.550060 8.200000 8.550060 8.886714
8.494540 8.200000 8.494540 8.829009
8.439737 8.200000 8.439737 8.772049
8.385636 8.200000 8.385636 8.715819
8.332224 8.200000 8.332224 8.660305
8.279488 8.200000 8.279488 8.605494
8.227416 8.200000 8.227416 8.551373
8.175995 8.200000 8.175995 8.497928
8.125212 8.200000 8.125212 8.445147
8.075057 8.200000 8.075057 8.393017
8.025516 8.200000 8.025516 8.341527
7.976580 8.200000 7.976580 8.290665
7.928237 8.200000 7.928237 8.240419
7.880477 8.200000 7.880477 8.190779
7.833289 8.200000 7.833289 8.141733
7.786662 8.200000 7.786662 8.093272
7.740587 8.200000 7.740587 8.045383
7.695054 8.200000 7.695054 7.998058
7.650054 8.200000 7.650054 7.951287
7.605577 8.200000 7.605577 7.905059
7.561614 8.200000 7.561614 7.859366
7.518156 8.200000 7.518156 7.814198
7.475195 8.200000 7.475195 7.769546
7.432723 8.200000 7.432723 7.725402
7.390730 8.200000 7.390730 7.681756
7.349209 8.200000 7.349209 7.638601
7.308152 8.200000 7.308152 7.595927
7.267551 8.200000 7.267551 7.553729
7.227399 8.200000 7.227399 7.511996
7.187688 8.200000 7.187688 7.470722
7.148411 8.200000 7.148411 7.429899
7.109561 8.200000 7.109561 7.389519
7.071131 8.200000 7.071131 7.349577
7.033114 8.200000 7.033114 7.310063
6.995504 8.200000 6.995504 7.270973
6.958294 8.200000 6.958294 7.232298
6.921477 8.200000 6.921477 7.194032
6.885048 8.200000 6.885048 7.156169
6.849001 8.200000 6.849001 7.118703
6.813329 8.200000 6.813329 7.081627
6.778027 8.200000 6.778027 7.044935
6.743089 8.200000 6.743089 7.008621
6.708509 8.200000 6.708509 6.972680
6.674282 8.200000 6.674282 6.937106
6.640402 8.200000 6.640402 6.901892
6.606865 8.200000 6.606865 6.867035
6.573664 8.200000 6.573664 6.832528
6.540796 8.200000 6.540796 6.798365
8.729439 8.400000 8.729439 9.081197
8.671628 8.400000 8.671628 9.021058
8.614578 8.400000 8.614578 8.961710
8.558273 8.400000 8.558273 8.903138
8.502700 8.400000 8.502700 8.845327
8.447844 8.400000 8.447844 8.788262
8.393691 8.400000 8.393691 8.731928
8.340228 8.400000 8.340228 8.676311
8.287442 8.400000 8.287442 8.621399
8.235320 8.400000 8.235320 8.567178
8.183849 8.400000 8.183849 8.513634
8.133018 8.400000 8.133018 8.460755
8.082814 8.400000 8.082814 8.408529
8.033226 8.400000 8.033226 8.356944
7.984243 8.400000 7.984243 8.305988
7.935853 8.400000 7.935853 8.255650
7.888047 8.400000 7.888047 8.205918
7.840813 8.400000 7.840813 8.156781
7.794142 8.400000 7.794142 8.108230
7.748023 8.400000 7.748023 8.060253
7.702446 8.400000 7.702446 8.012841
7.657402 8.400000 7.657402 7.965983
7.612883 8.400000 7.612883 7.919670
7.568878 8.400000 7.568878 7.873892
7.525378 8.400000 7.525378 7.828640
7.482376 8.400000 7.482376 7.783906
7.439863 8.400000 7.439863 7.739680
7.397829 8.400000 7.397829 7.695954
7.356269 8.400000 7.356269 7.652719
7.315172 8.400000 7.315172 7.609967
7.274532 8.400000 7.274532 7.567690
7.234342 8.400000 7.234342 7.525880
7.194592 8.400000 7.194592 7.484530
7.155278 8.400000 7.155278 7.443631
7.116390 8.400000 7.116390 7.403177
7.077923 8.400000 7.077923 7.363161
7.039870 8.400000 7.039870 7.323574
7.002224 8.400000 7.002224 7.284411
6.964978 8.400000 6.964978 7.245665
6.928126 8.400000 6.928126 7.207329
6.891662 8.400000 6.891662 7.169396
6.855580 8.400000 6.855580 7.131860
6.819874 8.400000 6.819874 7.094716
6.784538 8.400000 6.784538 7.057956
6.749566 8.400000 6.749566 7.021575
6.714953 8.400000 6.714953 6.985568
6.680693 8.400000 6.680693 6.949928
6.646781 8.400000 6.646781 6.914649
6.613211 8.400000 6.613211 6.879727
6.579979 8.400000 6.579979 6.845156
6.547079 8.400000 6.547079 6.810931
8.737816 8.600000 8.737816 9.097950
8.679950 8.600000 8.679950 9.037700
8.622845 8.600000 8.622845 8.978243
8.566487 8.600000 8.566487 8.919563
8.510860 8.600000 8.510860 8.861645
8.455951 8.600000 8.455951 8.804474
8.401747 8.600000 8.401747 8.748036
8.348232 8.600000 8.348232 8.692318
8.295395 8.600000 8.295395 8.637304
8.243223 8.600000 8.243223 8.582982
8.191703 8.600000 8.191703 8.529340
8.140823 8.600000 8.140823 8.476364
8.090571 8.600000 8.090571 8.424041
8.040935 8.600000 8.040935 8.372361
7.991905 8.600000 7.991905 8.321311
7.943469 8.600000 7.943469 8.270880
7.895617 8.600000 7.895617 8.221056
7.848338 8.600000 7.848338 8.171829
7.801622 8.600000 7.801622 8.123188
7.755458 8.600000 7.755458 8.075123
7.709838 8.600000 7.709838 8.027623
7.664751 8.600000 7.664751 7.980679
7.620189 8.600000 7.620189 7.934280
7.576141 8.600000 7.576141 7.888418
7.532600 8.600000 7.532600 7.843083
7.489557 8.600000 7.489557 7.798266
7.447003 8.600000 7.447003 7.753959
7.404929 8.600000 7.404929 7.710152
7.363328 8.600000 7.363328 7.666837
7.322192 8.600000 7.322192 7.624006
7.281514 8.600000 7.281514 7.581651
7.241284 8.600000 7.241284 7.539764
7.201497 8.600000 7.201497 7.498338
7.162145 8.600000 7.162145 7.457364
7.123220 8.600000 7.123220 7.416835
7.084716 8.600000 7.084716 7.376745
7.046626 8.600000 7.046626 7.337085
7.008944 8.600000 7.008944 7.297850
6.971662 8.600000 6.971662 7.259032
6.934775 8.600000 6.934775 7.220625
6.898276 8.600000 6.898276 7.182623
6.862159 8.600000 6.862159 7.145018
6.826419 8.600000 6.826419 7.107805
6.791049 8.600000 6.791049 7.070977
6.756044 8.600000 6.756044 7.034529
6.721397 8.600000 6.721397 6.998455
6.687104 8.600000 6.687104 6.962749
6.653160 8.600000 6.653160 6.927406
6.619558 8.600000 6.619558 6.892419
6.586294 8.600000 6.586294 6.857785
6.553362 8.600000 6.553362 6.823496
8.746194 8.800000 8.746194 9.114703
8.688272 8.800000 8.688272 9.054342
8.631112 8.800000 8.631112 8.994775
8.574700 8.800000 8.574700 8.935987
8.519020 8.800000 8.519020 8.877963
8.464059 8.800000 8.464059 8.820687
8.409802 8.800000 8.409802 8.764145
8.356236 8.800000 8.356236 8.708324
8.303349 8.800000 8.303349 8.653209
8.251126 8.800000 8.251126 8.598787
8.199557 8.800000 8.199557 8.545046
8.148628 8.800000 8.148628 8.491972
8.098328 8.800000 8.098328 8.439554
8.048645 8.800000 8.048645 8.387778
7.999568 8.800000 7.999568 8.336634
7.951085 8.800000 7.951085 8.286110
7.903187 8.800000 7.903187 8.236195
7.855863 8.800000 7.855863 8.186877
7.809102 8.800000 7.809102 8.138147
7.762894 8.800000 7.762894 8.089993
7.717230 8.800000 7.717230 8.042405
7.672100 8.800000 7.672100 7.995375
7.627495 8.800000 7.627495 7.948891
7.583405 8.800000 7.583405 7.902944
7.539822 8.800000 7.539822 7.857526
7.496738 8.800000 7.496738 7.812626
7.454143 8.800000 7.454143 7.768237
7.412029 8.800000 7.412029 7.724350
7.370388 8.800000 7.370388 7.680955
7.329213 8.800000 7.329213 7.638045
7.288495 8.800000 7.288495 7.595612
7.248227 8.800000 7.248227 7.553648
7.208402 8.800000 7.208402 7.512145
7.169011 8.800000 7.169011 7.471096
7.130049 8.800000 7.130049 7.430493
7.091509 8.800000 7.091509 7.390329
7.053382 8.800000 7.053382 7.350596
7.015664 8.800000 7.015664 7.311289
6.978346 8.800000 6.978346 7.272400
6.941424 8.800000 6.941424 7.233922
6.904890 8.800000 6.904890 7.195849
6.868739 8.800000 6.868739 7.158175
6.832964 8.800000 6.832964 7.120894
6.797560 8.800000 6.797560 7.083998
6.762521 8.800000 6.762521 7.047483
6.727841 8.800000 6.727841 7.011343
6.693516 8.800000 6.693516 6.975571
6.659539 8.800000 6.659539 6.940163
6.625905 8.800000 6.625905 6.905112
6.592609 8.800000 6.592609 6.870413
6.559645 8.800000 6.559645 6.836062
8.754572 9.000000 8.754572 9.131456
8.696594 9.000000 8.696594 9.070984
8.639380 9.000000 8.639380 9.011308
8.582913 9.000000 8.582913 8.952412
8.527180 9.000000 8.527180 8.894280
8.472166 9.000000 8.472166 8.836899
8.417857 9.000000 8.417857 8.780254
8.364240 9.000000 8.364240 8.724330
8.311302 9.000000 8.311302 8.669114
8.259030 9.000000 8.259030 8.614592
8.207411 9.000000 8.207411 8.560752
8.156433 9.000000 8.156433 8.507581
8.106085 9.000000 8.106085 8.455066
8.056354 9.000000 8.056354 8.403195
8.007230 9.000000 8.007230 8.351957
7.958701 9.000000 7.958701 8.301340
7.910757 9.000000 7.910757 8.251333
7.863388 9.000000 7.863388 8.201925
7.816582 9.000000 7.816582 8.153105
7.770330 9.000000 7.770330 8.104863
7.724622 9.000000 7.724622 8.057188
7.679449 9.000000 7.679449 8.010071
7.634801 9.000000 7.634801 7.963501
7.590669 9.000000 7.590669 7.917470
7.547044 9.000000 7.547044 7.871968
7.503918 9.000000 7.503918 7.826986
7.461283 9.000000 7.461283 7.782516
7.419128 9.000000 7.419128 7.738547
7.377448 9.000000 7.377448 7.695073
7.336233 9.000000 7.336233 7.652085
7.295476 9.000000 7.295476 7.609574
7.255170 9.000000 7.255170 7.567533
7.215306 9.000000 7.215306 7.525953
7.175878 9.000000 7.175878 7.484829
7.136879 9.000000 7.136879 7.444151
7.098301 9.000000 7.098301 7.403913
7.060138 9.000000 7.060138 7.364107
7.022384 9.000000 7.022384 7.324728
6.985030 9.000000 6.985030 7.285767
6.948073 9.000000 6.948073 7.247219
6.911504 9.000000 6.911504 7.209076
6.875318 9.000000 6.875318 7.171333
6.839509 9.000000 6.839509 7.133982
6.804071 9.000000 6.804071 7.097019
6.768999 9.000000 6.768999 7.060437
6.734286 9.000000 6.734286 7.024230
6.699927 9.000000 6.699927 6.988393
6.665917 9.000000 6.665917 6.952919
6.632251 9.000000 6.632251 6.917804
6.598923 9.000000 6.598923 6.883042
6.565929 9.000000 6.565929 6.848627
8.762949 9.200000 8.762949 9.148209
8.704916 9.200000 8.704916 9.087626
8.647647 9.200000 8.647647 9.027840
8.591127 9.200000 8.591127 8.968836
8.535340 9.200000 8.535340 8.910598
8.480273 9.200000 8.480273 8.853112
8.425913 9.200000 8.425913 8.796362
8.372244 9.200000 8.372244 8.740336
8.319255 9.200000 8.319255 8.685018
8.266933 9.200000 8.266933 8.630397
8.215265 9.200000 8.215265 8.576458
8.164238 9.200000 8.164238 8.523189
8.113842 9.200000 8.113842 8.470578
8.064064 9.200000 8.064064 8.418612
8.014892 9.200000 8.014892 8.367280
7.966317 9.200000 7.966317 8.316571
7.918328 9.200000 7.918328 8.266472
7.870912 9.200000 7.870912 8.216973
7.824062 9.200000 7.824062 8.168063
7.777765 9.200000 7.777765 8.119732
7.732014 9.200000 7.732014 8.071970
7.686797 9.200000 7.686797 8.024767
7.642107 9.200000 7.642107 7.978112
7.597933 9.200000 7.597933 7.931996
7.554266 9.200000 7.554266 7.886411
7.511099 9.200000 7.511099 7.841347
7.468423 9.200000 7.468423 7.796794
7.426228 9.200000 7.426228 7.752745
7.384508 9.200000 7.384508 7.709191
7.343253 9.200000 7.343253 7.666124
7.302458 9.200000 7.302458 7.623535
7.262113 9.200000 7.262113 7.581417
7.222211 9.200000 7.222211 7.539761
7.182745 9.200000 7.182745 7.498561
7.143709 9.200000 7.143709 7.457809
7.105094 9.200000 7.105094 7.417497
7.066894 9.200000 7.066894 7.377618
7.029104 9.200000 7.029104 7.338167
6.991715 9.200000 6.991715 7.299134
6.954722 9.200000 6.954722 7.260515
6.918118 9.200000 6.918118 7.222302
6.881897 9.200000 6.881897 7.184490
6.846054 9.200000 6.846054 7.147071
6.810582 9.200000 6.810582 7.110040
6.775476 9.200000 6.775476 7.073391
6.740730 9.200000 6.740730 7.037118
6.706339 9.200000 6.706339 7.001215
6.672296 9.200000 6.672296 6.965676
6.638598 9.200000 6.638598 6.930496
6.605238 9.200000 6.605238 6.895670
6.572212 9.200000 6.572212 6.861192
8.771327 9.400000 8.771327 9.164962
8.713238 9.400000 8.713238 9.104268
8.655914 9.400000 8.655914 9.044373
8.599340 9.400000 8.599340 8.985261
8.543500 9.400000 8.543500 8.926916
8.488381 9.400000 8.488381 8.869324
8.433968 9.400000 8.433968 8.812471
8.380248 9.400000 8.380248 8.756342
8.327209 9.400000 8.327209 8.700923
8.274836 9.400000 8.274836 8.646202
8.223119 9.400000 8.223119 8.592164
8.172043 9.400000 8.172043 8.538798
8.121599 9.400000 8.121599 8.486090
8.071773 9.400000 8.071773 8.434029
8.022555 9.400000 8.022555 8.382603
7.973933 9.400000 7.973933 8.331801
7.925898 9.400000 7.925898 8.281610
7.878437 9.400000 7.878437 8.232021
7.831542 9.400000 7.831542 8.183022
7.785201 9.400000 7.785201 8.134602
7.739406 9.400000 7.739406 8.086753
7.694146 9.400000 7.694146 8.039462
7.649413 9.400000 7.649413 7.992722
7.605197 9.400000 7.605197 7.946522
7.561489 9.400000 7.561489 7.900854
7.518280 9.400000 7.518280 7.855707
7.475563 9.400000 7.475563 7.811073
7.433328 9.400000 7.433328 7.766943
7.391567 9.400000 7.391567 7.723309
7.350274 9.400000 7.350274 7.680163
7.309439 9.400000 7.309439 7.637496
7.269055 9.400000 7.269055 7.595301
7.229115 9.400000 7.229115 7.553569
7.189612 9.400000 7.189612 7.512294
7.150538 9.400000 7.150538 7.471467
7.111887 9.400000 7.111887 7.431081
7.073651 9.400000 7.073651 7.391129
7.035824 9.400000 7.035824 7.351605
6.998399 9.400000 6.998399 7.312502
6.961370 9.400000 6.961370 7.273812
6.924732 9.400000 6.924732 7.235529
6.888476 9.400000 6.888476 7.197647
6.852599 9.400000 6.852599 7.160160
6.817093 9.400000 6.817093 7.123061
6.781954 9.400000 6.781954 7.086345
6.747174 9.400000 6.747174 7.050005
6.712750 9.400000 6.712750 7.014037
6.678675 9.400000 6.678675 6.978433
6.644944 9.400000 6.644944 6.943189
6.611553 9.400000 6.611553 6.908299
6.578495 9.400000 6.578495 6.873758
8.779704 9.600000 8.779704 9.181714
8.721561 9.600000 8.721561 9.120910
8.664182 9.600000 8.664182 9.060905
8.607553 9.600000 8.607553 9.001685
8.551660 9.600000 8.551660 8.943234
8.496488 9.600000 8.496488 8.885537
8.442023 9.600000 8.442023 8.828580
8.388252 9.600000 8.388252 8.772348
8.335162 9.600000 8.335162 8.716828
8.282740 9.600000 8.282740 8.662007
8.230973 9.600000 8.230973 8.607870
8.179849 9.600000 8.179849 8.554406
8.129356 9.600000 8.129356 8.501602
8.079482 9.600000 8.079482 8.449446
8.030217 9.600000 8.030217 8.397927
7.981549 9.600000 7.981549 8.347031
7.933468 9.600000 7.933468 8.296749
7.885962 9.600000 7.885962 8.247069
7.839022 9.600000 7.839022 8.197980
7.792637 9.600000 7.792637 8.149472
7.746798 9.600000 7.746798 8.101535
7.701495 9.600000 7.701495 8.054158
7.656719 9.600000 7.656719 8.007333
7.612460 9.600000 7.612460 7.961049
7.568711 9.600000 7.568711 7.915296
7.525461 9.600000 7.525461 7.870067
7.482703 9.600000 7.482703 7.825351
7.440427 9.600000 7.440427 7.781141
7.398627 9.600000 7.398627 7.737428
7.357294 9.600000 7.357294 7.694202
7.316420 9.600000 7.316420 7.651458
7.275998 9.600000 7.275998 7.609185
7.236020 9.600000 7.236020 7.567377
7.196479 9.600000 7.196479 7.526026
7.157368 9.600000 7.157368 7.485124
7.118679 9.600000 7.118679 7.444665
7.080407 9.600000 7.080407 7.404640
7.042544 9.600000 7.042544 7.365044
7.005083 9.600000 7.005083 7.325869
6.968019 9.600000 6.968019 7.287108
6.931345 9.600000 6.931345 7.248756
6.895056 9.600000 6.895056 7.210805
6.859144 9.600000 6.859144 7.173249
6.823604 9.600000 6.823604 7.136082
6.788431 9.600000 6.788431 7.099299
6.753619 9.600000 6.753619 7.062893
6.719161 9.600000 6.719161 7.026858
6.685054 9.600000 6.685054 6.991189
6.651291 9.600000 6.651291 6.955881
6.617868 9.600000 6.617868 6.920927
6.584778 9.600000 6.584778 6.886323
8.788082 9.800000 8.788082 9.198467
8.729883 9.800000 8.729883 9.137552
8.672449 9.800000 8.672449 9.077438
8.615767 9.800000 8.615767 9.018110
8.559820 9.800000 8.559820 8.959552
8.504595 9.800000 8.504595 8.901750
8.450079 9.800000 8.450079 8.844688
8.396257 9.800000 8.396257 8.788354
8.343116 9.800000 8.343116 8.732733
8.290643 9.800000 8.290643 8.677811
8.238827 9.800000 8.238827 8.623576
8.187654 9.800000 8.187654 8.570015
8.137113 9.800000 8.137113 8.517115
8.087192 9.800000 8.087192 8.464864
8.037880 9.800000 8.037880 8.413250
7.989165 9.800000 7.989165 8.362261
7.941038 9.800000 7.941038 8.311887
7.893487 9.800000 7.893487 8.262116
7.846502 9.800000 7.846502 8.212938
7.800073 9.800000 7.800073 8.164342
7.754190 9.800000 7.754190 8.116317
7.708844 9.800000 7.708844 8.068854
7.664025 9.800000 7.664025 8.021943
7.619724 9.800000 7.619724 7.975575
7.575933 9.800000 7.575933 7.929739
7.532642 9.800000 7.532642 7.884427
7.489842 9.800000 7.489842 7.839630
7.447527 9.800000 7.447527 7.795339
7.405687 9.800000 7.405687 7.751546
7.364314 9.800000 7.364314 7.708242
7.323402 9.800000 7.323402 7.665419
7.282941 9.800000 7.282941 7.623069
7.242925 9.800000 7.242925 7.581185
7.203346 9.800000 7.203346 7.539758
7.164197 9.800000 7.164197 7.498782
7.125472 9.800000 7.125472 7.458249
7.087163 9.800000 7.087163 7.418151
7.049264 9.800000 7.049264 7.378483
7.011767 9.800000 7.011767 7.339236
6.974668 9.800000 6.974668 7.300405
6.937959 9.800000 6.937959 7.261982
6.901635 9.800000 6.901635 7.223962
6.865689 9.800000 6.865689 7.186338
6.830115 9.800000 6.830115 7.149104
6.794909 9.800000 6.794909 7.112253
6.760063 9.800000 6.760063 7.075780
6.725573 9.800000 6.725573 7.039680
6.691433 9.800000 6.691433 7.003946
6.657638 9.800000 6.657638 6.968573
6.624182 9.800000 6.624182 6.933556
6.591061 9.800000 6.591061 6.898889
8.796459 10.000000 8.796459 9.215220
8.738205 10.000000 8.738205 9.154194
8.680717 10.000000 8.680717 9.093970
8.623980 10.000000 8.623980 9.034534
8.567980 10.000000 8.567980 8.975870
8.512703 10.000000 8.512703 8.917962
8.458134 10.000000 8.458134 8.860797
8.404261 10.000000 8.404261 8.804360
8.351069 10.000000 8.351069 8.748638
8.298547 10.000000 8.298547 8.693616
8.246681 10.000000 8.246681 8.639282
8.195459 10.000000 8.195459 8.585623
8.144870 10.000000 8.144870 8.532627
8.094901 10.000000 8.094901 8.480281
8.045542 10.000000 8.045542 8.428573
7.996781 10.000000 7.996781 8.377492
7.948608 10.000000 7.948608 8.327026
7.901011 10.000000 7.901011 8.277164
7.853982 10.000000 7.853982 8.227897
7.807508 10.000000 7.807508 8.179212
7.761582 10.000000 7.761582 8.131100
7.716192 10.000000 7.716192 8.083550
7.671331 10.000000 7.671331 8.036554
7.626988 10.000000 7.626988 7.990101
7.583155 10.000000 7.583155 7.944181
7.539822 10.000000 7.539822 7.898787
7.496982 10.000000 7.496982 7.853908
7.454627 10.000000 7.454627 7.809537
7.412747 10.000000 7.412747 7.765664
7.371335 10.000000 7.371335 7.722281
7.330383 10.000000 7.330383 7.679380
7.289884 10.000000 7.289884 7.636953
7.249829 10.000000 7.249829 7.594993
7.210213 10.000000 7.210213 7.553491
7.171027 10.000000 7.171027 7.512440
7.132264 10.000000 7.132264 7.471833
7.093919 10.000000 7.093919 7.431663
7.055984 10.000000 7.055984 7.391922
7.018452 10.000000 7.018452 7.352604
6.981317 10.000000 6.981317 7.313702
6.944573 10.000000 6.944573 7.275209
6.908214 10.000000 6.908214 7.237119
6.872234 10.000000 6.872234 7.199427
6.836627 10.000000 6.836627 7.162125
6.801386 10.000000 6.801386 7.125207
6.766507 10.000000 6.766507 7.088668
6.731984 10.000000 6.731984 7.052502
6.697812 10.000000 6.697812 7.016703
6.663984 10.000000 6.663984 6.981266
6.630497 10.000000 6.630497 6.946184
6.597345 10.000000 6.597345 6.911454
