8.796459 1.000000 8.796459 8.796459
8.738205 1.000000 8.738205 8.738205
8.680717 1.000000 8.680717 8.680717
8.623980 1.000000 8.623980 8.623980
8.567980 1.000000 8.567980 8.567980
8.512703 1.000000 8.512703 8.512703
8.458134 1.000000 8.458134 8.458134
8.404261 1.000000 8.404261 8.404261
8.351069 1.000000 8.351069 8.351069
8.298547 1.000000 8.298547 8.298547
8.246681 1.000000 8.246681 8.246681
8.195459 1.000000 8.195459 8.195459
8.144870 1.000000 8.144870 8.144870
8.094901 1.000000 8.094901 8.094901
8.045542 1.000000 8.045542 8.045542
7.996781 1.000000 7.996781 7.996781
7.948608 1.000000 7.948608 7.948608
7.901011 1.000000 7.901011 7.901011
7.853982 1.000000 7.853982 7.853982
7.807508 1.000000 7.807508 7.807508
7.761582 1.000000 7.761582 7.761582
7.716192 1.000000 7.716192 7.716192
7.671331 1.000000 7.671331 7.671331
7.626988 1.000000 7.626988 7.626988
7.583155 1.000000 7.583155 7.583155
7.539822 1.000000 7.539822 7.539822
7.496982 1.000000 7.496982 7.496982
7.454627 1.000000 7.454627 7.454627
7.412747 1.000000 7.412747 7.412747
7.371335 1.000000 7.371335 7.371335
7.330383 1.000000 7.330383 7.330383
7.289884 1.000000 7.289884 7.289884
7.249829 1.000000 7.249829 7.249829
7.210213 1.000000 7.210213 7.210213
7.171027 1.000000 7.171027 7.171027
7.132264 1.000000 7.132264 7.132264
7.093919 1.000000 7.093919 7.093919
7.055984 1.000000 7.055984 7.055984
7.018452 1.000000 7.018452 7.018452
6.981317 1.000000 6.981317 6.981317
6.944573 1.000000 6.944573 6.944573
6.908214 1.000000 6.908214 6.908214
6.872234 1.000000 6.872234 6.872234
6.836627 1.000000 6.836627 6.836627
6.801386 1.000000 6.801386 6.801386
6.766507 1.000000 6.766507 6.766507
6.731984 1.000000 6.731984 6.731984
6.697812 1.000000 6.697812 6.697812
6.663984 1.000000 6.663984 6.663984
6.630497 1.000000 6.630497 6.630497
6.597345 1.000000 6.597345 6.597345
8.796459 1.005000 8.796459 8.840442
8.738205 1.005000 8.738205 8.781896
8.680717 1.005000 8.680717 8.724120
8.623980 1.005000 8.623980 8.667100
8.567980 1.005000 8.567980 8.610820
8.512703 1.005000 8.512703 8.555266
8.458134 1.005000 8.458134 8.500425
8.404261 1.005000 8.404261 8.446282
8.351069 1.005000 8.351069 8.392824
8.298547 1.005000 8.298547 8.340039
8.246681 1.005000 8.246681 8.287914
8.195459 1.005000 8.195459 8.236436
8.144870 1.005000 8.144870 8.185594
8.094901 1.005000 8.094901 8.135376
8.045542 1.005000 8.045542 8.085770
7.996781 1.005000 7.996781 8.036765
7.948608 1.005000 7.948608 7.988351
7.901011 1.005000 7.901011 7.940517
7.853982 1.005000 7.853982 7.893252
7.807508 1.005000 7.807508 7.846546
7.761582 1.005000 7.761582 7.800390
7.716192 1.005000 7.716192 7.754773
7.671331 1.005000 7.671331 7.709688
7.626988 1.005000 7.626988 7.665123
7.583155 1.005000 7.583155 7.621070
7.539822 1.005000 7.539822 7.577521
7.496982 1.005000 7.496982 7.534467
7.454627 1.005000 7.454627 7.491900
7.412747 1.005000 7.412747 7.449810
7.371335 1.005000 7.371335 7.408191
7.330383 1.005000 7.330383 7.367035
7.289884 1.005000 7.289884 7.326333
7.249829 1.005000 7.249829 7.286078
7.210213 1.005000 7.210213 7.246264
7.171027 1.005000 7.171027 7.206882
7.132264 1.005000 7.132264 7.167926
7.093919 1.005000 7.093919 7.129388
7.055984 1.005000 7.055984 7.091263
7.018452 1.005000 7.018452 7.053544
6.981317 1.005000 6.981317 7.016224
6.944573 1.005000 6.944573 6.979296
6.908214 1.005000 6.908214 6.942755
6.872234 1.005000 6.872234 6.906595
6.836627 1.005000 6.836627 6.870810
6.801386 1.005000 6.801386 6.835393
6.766507 1.005000 6.766507 6.800340
6.731984 1.005000 6.731984 6.765644
6.697812 1.005000 6.697812 6.731301
6.663984 1.005000 6.663984 6.697304
6.630497 1.005000 6.630497 6.663650
6.597345 1.005000 6.597345 6.630331
8.796459 1.010000 8.796459 8.884424
8.738205 1.010000 8.738205 8.825587
8.680717 1.010000 8.680717 8.767524
8.623980 1.010000 8.623980 8.710220
8.567980 1.010000 8.567980 8.653660
8.512703 1.010000 8.512703 8.597830
8.458134 1.010000 8.458134 8.542715
8.404261 1.010000 8.404261 8.488303
8.351069 1.010000 8.351069 8.434580
8.298547 1.010000 8.298547 8.381532
8.246681 1.010000 8.246681 8.329148
8.195459 1.010000 8.195459 8.277414
8.144870 1.010000 8.144870 8.226319
8.094901 1.010000 8.094901 8.175850
8.045542 1.010000 8.045542 8.125998
7.996781 1.010000 7.996781 8.076749
7.948608 1.010000 7.948608 8.028094
7.901011 1.010000 7.901011 7.980022
7.853982 1.010000 7.853982 7.932521
7.807508 1.010000 7.807508 7.885583
7.761582 1.010000 7.761582 7.839198
7.716192 1.010000 7.716192 7.793354
7.671331 1.010000 7.671331 7.748044
7.626988 1.010000 7.626988 7.703258
7.583155 1.010000 7.583155 7.658986
7.539822 1.010000 7.539822 7.615221
7.496982 1.010000 7.496982 7.571952
7.454627 1.010000 7.454627 7.529173
7.412747 1.010000 7.412747 7.486874
7.371335 1.010000 7.371335 7.445048
7.330383 1.010000 7.330383 7.403687
7.289884 1.010000 7.289884 7.362782
7.249829 1.010000 7.249829 7.322327
7.210213 1.010000 7.210213 7.282315
7.171027 1.010000 7.171027 7.242737
7.132264 1.010000 7.132264 7.203587
7.093919 1.010000 7.093919 7.164858
7.055984 1.010000 7.055984 7.126543
7.018452 1.010000 7.018452 7.088636
6.981317 1.010000 6.981317 7.051130
6.944573 1.010000 6.944573 7.014019
6.908214 1.010000 6.908214 6.977296
6.872234 1.010000 6.872234 6.940956
6.836627 1.010000 6.836627 6.904993
6.801386 1.010000 6.801386 6.869400
6.766507 1.010000 6.766507 6.834172
6.731984 1.010000 6.731984 6.799304
6.697812 1.010000 6.697812 6.764790
6.663984 1.010000 6.663984 6.730624
6.630497 1.010000 6.630497 6.696802
6.597345 1.010000 6.597345 6.663318
8.796459 1.015000 8.796459 8.928406
8.738205 1.015000 8.738205 8.869278
8.680717 1.015000 8.680717 8.810927
8.623980 1.015000 8.623980 8.753340
8.567980 1.015000 8.567980 8.696500
8.512703 1.015000 8.512703 8.640393
8.458134 1.015000 8.458134 8.585006
8.404261 1.015000 8.404261 8.530325
8.351069 1.015000 8.351069 8.476335
8.298547 1.015000 8.298547 8.423025
8.246681 1.015000 8.246681 8.370381
8.195459 1.015000 8.195459 8.318391
8.144870 1.015000 8.144870 8.267043
8.094901 1.015000 8.094901 8.216325
8.045542 1.015000 8.045542 8.166225
7.996781 1.015000 7.996781 8.116733
7.948608 1.015000 7.948608 8.067837
7.901011 1.015000 7.901011 8.019527
7.853982 1.015000 7.853982 7.971791
7.807508 1.015000 7.807508 7.924621
7.761582 1.015000 7.761582 7.878006
7.716192 1.015000 7.716192 7.831935
7.671331 1.015000 7.671331 7.786401
7.626988 1.015000 7.626988 7.741393
7.583155 1.015000 7.583155 7.696902
7.539822 1.015000 7.539822 7.652920
7.496982 1.015000 7.496982 7.609437
7.454627 1.015000 7.454627 7.566446
7.412747 1.015000 7.412747 7.523938
7.371335 1.015000 7.371335 7.481905
7.330383 1.015000 7.330383 7.440339
7.289884 1.015000 7.289884 7.399232
7.249829 1.015000 7.249829 7.358577
7.210213 1.015000 7.210213 7.318366
7.171027 1.015000 7.171027 7.278592
7.132264 1.015000 7.132264 7.239248
7.093919 1.015000 7.093919 7.200328
7.055984 1.015000 7.055984 7.161823
7.018452 1.015000 7.018452 7.123728
6.981317 1.015000 6.981317 7.086037
6.944573 1.015000 6.944573 7.048742
6.908214 1.015000 6.908214 7.011837
6.872234 1.015000 6.872234 6.975317
6.836627 1.015000 6.836627 6.939176
6.801386 1.015000 6.801386 6.903407
6.766507 1.015000 6.766507 6.868005
6.731984 1.015000 6.731984 6.832964
6.697812 1.015000 6.697812 6.798279
6.663984 1.015000 6.663984 6.763944
6.630497 1.015000 6.630497 6.729955
6.597345 1.015000 6.597345 6.696305
8.796459 1.020000 8.796459 8.972389
8.738205 1.020000 8.738205 8.912969
8.680717 1.020000 8.680717 8.854331
8.623980 1.020000 8.623980 8.796459
8.567980 1.020000 8.567980 8.739340
8.512703 1.020000 8.512703 8.682957
8.458134 1.020000 8.458134 8.627297
8.404261 1.020000 8.404261 8.572346
8.351069 1.020000 8.351069 8.518090
8.298547 1.020000 8.298547 8.464518
8.246681 1.020000 8.246681 8.411614
8.195459 1.020000 8.195459 8.359368
8.144870 1.020000 8.144870 8.307767
8.094901 1.020000 8.094901 8.256799
8.045542 1.020000 8.045542 8.206453
7.996781 1.020000 7.996781 8.156717
7.948608 1.020000 7.948608 8.107580
7.901011 1.020000 7.901011 8.059032
7.853982 1.020000 7.853982 8.011061
7.807508 1.020000 7.807508 7.963659
7.761582 1.020000 7.761582 7.916813
7.716192 1.020000 7.716192 7.870516
7.671331 1.020000 7.671331 7.824758
7.626988 1.020000 7.626988 7.779528
7.583155 1.020000 7.583155 7.734818
7.539822 1.020000 7.539822 7.690619
7.496982 1.020000 7.496982 7.646922
7.454627 1.020000 7.454627 7.603719
7.412747 1.020000 7.412747 7.561002
7.371335 1.020000 7.371335 7.518761
7.330383 1.020000 7.330383 7.476991
7.289884 1.020000 7.289884 7.435681
7.249829 1.020000 7.249829 7.394826
7.210213 1.020000 7.210213 7.354417
7.171027 1.020000 7.171027 7.314447
7.132264 1.020000 7.132264 7.274910
7.093919 1.020000 7.093919 7.235797
7.055984 1.020000 7.055984 7.197103
7.018452 1.020000 7.018452 7.158821
6.981317 1.020000 6.981317 7.120943
6.944573 1.020000 6.944573 7.083465
6.908214 1.020000 6.908214 7.046378
6.872234 1.020000 6.872234 7.009679
6.836627 1.020000 6.836627 6.973359
6.801386 1.020000 6.801386 6.937414
6.766507 1.020000 6.766507 6.901837
6.731984 1.020000 6.731984 6.866624
6.697812 1.020000 6.697812 6.831768
6.663984 1.020000 6.663984 6.797264
6.630497 1.020000 6.630497 6.763107
6.597345 1.020000 6.597345 6.729291
8.796459 1.025000 8.796459 9.016371
8.738205 1.025000 8.738205 8.956660
8.680717 1.025000 8.680717 8.897734
8.623980 1.025000 8.623980 8.839579
8.567980 1.025000 8.567980 8.782179
8.512703 1.025000 8.512703 8.725520
8.458134 1.025000 8.458134 8.669587
8.404261 1.025000 8.404261 8.614367
8.351069 1.025000 8.351069 8.559846
8.298547 1.025000 8.298547 8.506010
8.246681 1.025000 8.246681 8.452848
8.195459 1.025000 8.195459 8.400346
8.144870 1.025000 8.144870 8.348492
8.094901 1.025000 8.094901 8.297274
8.045542 1.025000 8.045542 8.246681
7.996781 1.025000 7.996781 8.196701
7.948608 1.025000 7.948608 8.147323
7.901011 1.025000 7.901011 8.098537
7.853982 1.025000 7.853982 8.050331
7.807508 1.025000 7.807508 8.002696
7.761582 1.025000 7.761582 7.955621
7.716192 1.025000 7.716192 7.909097
7.671331 1.025000 7.671331 7.863114
7.626988 1.025000 7.626988 7.817663
7.583155 1.025000 7.583155 7.772734
7.539822 1.025000 7.539822 7.728318
7.496982 1.025000 7.496982 7.684407
7.454627 1.025000 7.454627 7.640992
7.412747 1.025000 7.412747 7.598065
7.371335 1.025000 7.371335 7.555618
7.330383 1.025000 7.330383 7.513642
7.289884 1.025000 7.289884 7.472131
7.249829 1.025000 7.249829 7.431075
7.210213 1.025000 7.210213 7.390468
7.171027 1.025000 7.171027 7.350302
7.132264 1.025000 7.132264 7.310571
7.093919 1.025000 7.093919 7.271267
7.055984 1.025000 7.055984 7.232383
7.018452 1.025000 7.018452 7.193913
6.981317 1.025000 6.981317 7.155850
6.944573 1.025000 6.944573 7.118188
6.908214 1.025000 6.908214 7.080920
6.872234 1.025000 6.872234 7.044040
6.836627 1.025000 6.836627 7.007542
6.801386 1.025000 6.801386 6.971421
6.766507 1.025000 6.766507 6.935670
6.731984 1.025000 6.731984 6.900284
6.697812 1.025000 6.697812 6.865257
6.663984 1.025000 6.663984 6.830584
6.630497 1.025000 6.630497 6.796259
6.597345 1.025000 6.597345 6.762278
8.796459 1.030000 8.796459 9.060353
8.738205 1.030000 8.738205 9.000351
8.680717 1.030000 8.680717 8.941138
8.623980 1.030000 8.623980 8.882699
8.567980 1.030000 8.567980 8.825019
8.512703 1.030000 8.512703 8.768084
8.458134 1.030000 8.458134 8.711878
8.404261 1.030000 8.404261 8.656388
8.351069 1.030000 8.351069 8.601601
8.298547 1.030000 8.298547 8.547503
8.246681 1.030000 8.246681 8.494081
8.195459 1.030000 8.195459 8.441323
8.144870 1.030000 8.144870 8.389216
8.094901 1.030000 8.094901 8.337748
8.045542 1.030000 8.045542 8.286908
7.996781 1.030000 7.996781 8.236685
7.948608 1.030000 7.948608 8.187066
7.901011 1.030000 7.901011 8.138042
7.853982 1.030000 7.853982 8.089601
7.807508 1.030000 7.807508 8.041734
7.761582 1.030000 7.761582 7.994429
7.716192 1.030000 7.716192 7.947678
7.671331 1.030000 7.671331 7.901471
7.626988 1.030000 7.626988 7.855798
7.583155 1.030000 7.583155 7.810649
7.539822 1.030000 7.539822 7.766017
7.496982 1.030000 7.496982 7.721892
7.454627 1.030000 7.454627 7.678265
7.412747 1.030000 7.412747 7.635129
7.371335 1.030000 7.371335 7.592475
7.330383 1.030000 7.330383 7.550294
7.289884 1.030000 7.289884 7.508580
7.249829 1.030000 7.249829 7.467324
7.210213 1.030000 7.210213 7.426519
7.171027 1.030000 7.171027 7.386158
7.132264 1.030000 7.132264 7.346232
7.093919 1.030000 7.093919 7.306736
7.055984 1.030000 7.055984 7.267663
7.018452 1.030000 7.018452 7.229005
6.981317 1.030000 6.981317 7.190757
6.944573 1.030000 6.944573 7.152910
6.908214 1.030000 6.908214 7.115461
6.872234 1.030000 6.872234 7.078401
6.836627 1.030000 6.836627 7.041725
6.801386 1.030000 6.801386 7.005428
6.766507 1.030000 6.766507 6.969502
6.731984 1.030000 6.731984 6.933944
6.697812 1.030000 6.697812 6.898746
6.663984 1.030000 6.663984 6.863904
6.630497 1.030000 6.630497 6.829412
6.597345 1.030000 6.597345 6.795265
8.796459 1.035000 8.796459 9.104336
8.738205 1.035000 8.738205 9.044042
8.680717 1.035000 8.680717 8.984542
8.623980 1.035000 8.623980 8.925819
8.567980 1.035000 8.567980 8.867859
8.512703 1.035000 8.512703 8.810647
8.458134 1.035000 8.458134 8.754169
8.404261 1.035000 8.404261 8.698410
8.351069 1.035000 8.351069 8.643356
8.298547 1.035000 8.298547 8.588996
8.246681 1.035000 8.246681 8.535315
8.195459 1.035000 8.195459 8.482300
8.144870 1.035000 8.144870 8.429940
8.094901 1.035000 8.094901 8.378223
8.045542 1.035000 8.045542 8.327136
7.996781 1.035000 7.996781 8.276669
7.948608 1.035000 7.948608 8.226809
7.901011 1.035000 7.901011 8.177547
7.853982 1.035000 7.853982 8.128871
7.807508 1.035000 7.807508 8.080771
7.761582 1.035000 7.761582 8.033237
7.716192 1.035000 7.716192 7.986259
7.671331 1.035000 7.671331 7.939827
7.626988 1.035000 7.626988 7.893933
7.583155 1.035000 7.583155 7.848565
7.539822 1.035000 7.539822 7.803716
7.496982 1.035000 7.496982 7.759377
7.454627 1.035000 7.454627 7.715539
7.412747 1.035000 7.412747 7.672193
7.371335 1.035000 7.371335 7.629331
7.330383 1.035000 7.330383 7.586946
7.289884 1.035000 7.289884 7.545029
7.249829 1.035000 7.249829 7.503573
7.210213 1.035000 7.210213 7.462570
7.171027 1.035000 7.171027 7.422013
7.132264 1.035000 7.132264 7.381894
7.093919 1.035000 7.093919 7.342206
7.055984 1.035000 7.055984 7.302943
7.018452 1.035000 7.018452 7.264097
6.981317 1.035000 6.981317 7.225663
6.944573 1.035000 6.944573 7.187633
6.908214 1.035000 6.908214 7.150002
6.872234 1.035000 6.872234 7.112762
6.836627 1.035000 6.836627 7.075908
6.801386 1.035000 6.801386 7.039435
6.766507 1.035000 6.766507 7.003335
6.731984 1.035000 6.731984 6.967604
6.697812 1.035000 6.697812 6.932235
6.663984 1.035000 6.663984 6.897224
6.630497 1.035000 6.630497 6.862564
6.597345 1.035000 6.597345 6.828252
8.796459 1.040000 8.796459 9.148318
8.738205 1.040000 8.738205 9.087733
8.680717 1.040000 8.680717 9.027945
8.623980 1.040000 8.623980 8.968939
8.567980 1.040000 8.567980 8.910699
8.512703 1.040000 8.512703 8.853211
8.458134 1.040000 8.458134 8.796459
8.404261 1.040000 8.404261 8.740431
8.351069 1.040000 8.351069 8.685112
8.298547 1.040000 8.298547 8.630488
8.246681 1.040000 8.246681 8.576548
8.195459 1.040000 8.195459 8.523277
8.144870 1.040000 8.144870 8.470665
8.094901 1.040000 8.094901 8.418697
8.045542 1.040000 8.045542 8.367364
7.996781 1.040000 7.996781 8.316653
7.948608 1.040000 7.948608 8.266552
7.901011 1.040000 7.901011 8.217052
7.853982 1.040000 7.853982 8.168141
7.807508 1.040000 7.807508 8.119809
7.761582 1.040000 7.761582 8.072045
7.716192 1.040000 7.716192 8.024840
7.671331 1.040000 7.671331 7.978184
7.626988 1.040000 7.626988 7.932067
7.583155 1.040000 7.583155 7.886481
7.539822 1.040000 7.539822 7.841415
7.496982 1.040000 7.496982 7.796862
7.454627 1.040000 7.454627 7.752812
7.412747 1.040000 7.412747 7.709257
7.371335 1.040000 7.371335 7.666188
7.330383 1.040000 7.330383 7.623598
7.289884 1.040000 7.289884 7.581479
7.249829 1.040000 7.249829 7.539822
7.210213 1.040000 7.210213 7.498621
7.171027 1.040000 7.171027 7.457868
7.132264 1.040000 7.132264 7.417555
7.093919 1.040000 7.093919 7.377676
7.055984 1.040000 7.055984 7.338223
7.018452 1.040000 7.018452 7.299190
6.981317 1.040000 6.981317 7.260570
6.944573 1.040000 6.944573 7.222356
6.908214 1.040000 6.908214 7.184543
6.872234 1.040000 6.872234 7.147123
6.836627 1.040000 6.836627 7.110092
6.801386 1.040000 6.801386 7.073442
6.766507 1.040000 6.766507 7.037168
6.731984 1.040000 6.731984 7.001264
6.697812 1.040000 6.697812 6.965724
6.663984 1.040000 6.663984 6.930544
6.630497 1.040000 6.630497 6.895717
6.597345 1.040000 6.597345 6.861238
8.796459 1.045000 8.796459 9.192300
8.738205 1.045000 8.738205 9.131424
8.680717 1.045000 8.680717 9.071349
8.623980 1.045000 8.623980 9.012059
8.567980 1.045000 8.567980 8.953539
8.512703 1.045000 8.512703 8.895774
8.458134 1.045000 8.458134 8.838750
8.404261 1.045000 8.404261 8.782452
8.351069 1.045000 8.351069 8.726867
8.298547 1.045000 8.298547 8.671981
8.246681 1.045000 8.246681 8.617781
8.195459 1.045000 8.195459 8.564255
8.144870 1.045000 8.144870 8.511389
8.094901 1.045000 8.094901 8.459172
8.045542 1.045000 8.045542 8.407592
7.996781 1.045000 7.996781 8.356636
7.948608 1.045000 7.948608 8.306295
7.901011 1.045000 7.901011 8.256557
7.853982 1.045000 7.853982 8.207411
7.807508 1.045000 7.807508 8.158846
7.761582 1.045000 7.761582 8.110853
7.716192 1.045000 7.716192 8.063421
7.671331 1.045000 7.671331 8.016541
7.626988 1.045000 7.626988 7.970202
7.583155 1.045000 7.583155 7.924397
7.539822 1.045000 7.539822 7.879114
7.496982 1.045000 7.496982 7.834347
7.454627 1.045000 7.454627 7.790085
7.412747 1.045000 7.412747 7.746320
7.371335 1.045000 7.371335 7.703045
7.330383 1.045000 7.330383 7.660250
7.289884 1.045000 7.289884 7.617928
7.249829 1.045000 7.249829 7.576072
7.210213 1.045000 7.210213 7.534672
7.171027 1.045000 7.171027 7.493723
7.132264 1.045000 7.132264 7.453216
7.093919 1.045000 7.093919 7.413145
7.055984 1.045000 7.055984 7.373503
7.018452 1.045000 7.018452 7.334282
6.981317 1.045000 6.981317 7.295476
6.944573 1.045000 6.944573 7.257079
6.908214 1.045000 6.908214 7.219084
6.872234 1.045000 6.872234 7.181484
6.836627 1.045000 6.836627 7.144275
6.801386 1.045000 6.801386 7.107449
6.766507 1.045000 6.766507 7.071000
6.731984 1.045000 6.731984 7.034924
6.697812 1.045000 6.697812 6.999213
6.663984 1.045000 6.663984 6.963864
6.630497 1.045000 6.630497 6.928869
6.597345 1.045000 6.597345 6.894225
8.796459 1.050000 8.796459 9.236282
8.738205 1.050000 8.738205 9.175115
8.680717 1.050000 8.680717 9.114752
8.623980 1.050000 8.623980 9.055179
8.567980 1.050000 8.567980 8.996379
8.512703 1.050000 8.512703 8.938338
8.458134 1.050000 8.458134 8.881041
8.404261 1.050000 8.404261 8.824474
8.351069 1.050000 8.351069 8.768623
8.298547 1.050000 8.298547 8.713474
8.246681 1.050000 8.246681 8.659015
8.195459 1.050000 8.195459 8.605232
8.144870 1.050000 8.144870 8.552113
8.094901 1.050000 8.094901 8.499646
8.045542 1.050000 8.045542 8.447819
7.996781 1.050000 7.996781 8.396620
7.948608 1.050000 7.948608 8.346038
7.901011 1.050000 7.901011 8.296062
7.853982 1.050000 7.853982 8.246681
7.807508 1.050000 7.807508 8.197884
7.761582 1.050000 7.761582 8.149661
7.716192 1.050000 7.716192 8.102002
7.671331 1.050000 7.671331 8.054897
7.626988 1.050000 7.626988 8.008337
7.583155 1.050000 7.583155 7.962312
7.539822 1.050000 7.539822 7.916813
7.496982 1.050000 7.496982 7.871832
7.454627 1.050000 7.454627 7.827358
7.412747 1.050000 7.412747 7.783384
7.371335 1.050000 7.371335 7.739901
7.330383 1.050000 7.330383 7.696902
7.289884 1.050000 7.289884 7.654378
7.249829 1.050000 7.249829 7.612321
7.210213 1.050000 7.210213 7.570723
7.171027 1.050000 7.171027 7.529578
7.132264 1.050000 7.132264 7.488878
7.093919 1.050000 7.093919 7.448615
7.055984 1.050000 7.055984 7.408783
7.018452 1.050000 7.018452 7.369374
6.981317 1.050000 6.981317 7.330383
6.944573 1.050000 6.944573 7.291802
6.908214 1.050000 6.908214 7.253625
6.872234 1.050000 6.872234 7.215846
6.836627 1.050000 6.836627 7.178458
6.801386 1.050000 6.801386 7.141455
6.766507 1.050000 6.766507 7.104833
6.731984 1.050000 6.731984 7.068583
6.697812 1.050000 6.697812 7.032702
6.663984 1.050000 6.663984 6.997184
6.630497 1.050000 6.630497 6.962022
6.597345 1.050000 6.597345 6.927212
8.796459 1.055000 8.796459 9.280265
8.738205 1.055000 8.738205 9.218806
8.680717 1.055000 8.680717 9.158156
8.623980 1.055000 8.623980 9.098299
8.567980 1.055000 8.567980 9.039219
8.512703 1.055000 8.512703 8.980901
8.458134 1.055000 8.458134 8.923331
8.404261 1.055000 8.404261 8.866495
8.351069 1.055000 8.351069 8.810378
8.298547 1.055000 8.298547 8.754967
8.246681 1.055000 8.246681 8.700248
8.195459 1.055000 8.195459 8.646209
8.144870 1.055000 8.144870 8.592838
8.094901 1.055000 8.094901 8.540121
8.045542 1.055000 8.045542 8.488047
7.996781 1.055000 7.996781 8.436604
7.948608 1.055000 7.948608 8.385781
7.901011 1.055000 7.901011 8.335567
7.853982 1.055000 7.853982 8.285951
7.807508 1.055000 7.807508 8.236921
7.761582 1.055000 7.761582 8.188469
7.716192 1.055000 7.716192 8.140583
7.671331 1.055000 7.671331 8.093254
7.626988 1.055000 7.626988 8.046472
7.583155 1.055000 7.583155 8.000228
7.539822 1.055000 7.539822 7.954513
7.496982 1.055000 7.496982 7.909317
7.454627 1.055000 7.454627 7.864631
7.412747 1.055000 7.412747 7.820448
7.371335 1.055000 7.371335 7.776758
7.330383 1.055000 7.330383 7.733554
7.289884 1.055000 7.289884 7.690827
7.249829 1.055000 7.249829 7.648570
7.210213 1.055000 7.210213 7.606774
7.171027 1.055000 7.171027 7.565433
7.132264 1.055000 7.132264 7.524539
7.093919 1.055000 7.093919 7.484084
7.055984 1.055000 7.055984 7.444063
7.018452 1.055000 7.018452 7.404467
6.981317 1.055000 6.981317 7.365289
6.944573 1.055000 6.944573 7.326525
6.908214 1.055000 6.908214 7.288166
6.872234 1.055000 6.872234 7.250207
6.836627 1.055000 6.836627 7.212641
6.801386 1.055000 6.801386 7.175462
6.766507 1.055000 6.766507 7.138665
6.731984 1.055000 6.731984 7.102243
6.697812 1.055000 6.697812 7.066191
6.663984 1.055000 6.663984 7.030504
6.630497 1.055000 6.630497 6.995174
6.597345 1.055000 6.597345 6.960199
8.796459 1.060000 8.796459 9.324247
8.738205 1.060000 8.738205 9.262497
8.680717 1.060000 8.680717 9.201560
8.623980 1.060000 8.623980 9.141419
8.567980 1.060000 8.567980 9.082059
8.512703 1.060000 8.512703 9.023465
8.458134 1.060000 8.458134 8.965622
8.404261 1.060000 8.404261 8.908516
8.351069 1.060000 8.351069 8.852133
8.298547 1.060000 8.298547 8.796459
8.246681 1.060000 8.246681 8.741482
8.195459 1.060000 8.195459 8.687187
8.144870 1.060000 8.144870 8.633562
8.094901 1.060000 8.094901 8.580595
8.045542 1.060000 8.045542 8.528275
7.996781 1.060000 7.996781 8.476588
7.948608 1.060000 7.948608 8.425524
7.901011 1.060000 7.901011 8.375072
7.853982 1.060000 7.853982 8.325221
7.807508 1.060000 7.807508 8.275959
7.761582 1.060000 7.761582 8.227277
7.716192 1.060000 7.716192 8.179164
7.671331 1.060000 7.671331 8.131611
7.626988 1.060000 7.626988 8.084607
7.583155 1.060000 7.583155 8.038144
7.539822 1.060000 7.539822 7.992212
7.496982 1.060000 7.496982 7.946801
7.454627 1.060000 7.454627 7.901904
7.412747 1.060000 7.412747 7.857512
7.371335 1.060000 7.371335 7.813615
7.330383 1.060000 7.330383 7.770206
7.289884 1.060000 7.289884 7.727277
7.249829 1.060000 7.249829 7.684819
7.210213 1.060000 7.210213 7.642825
7.171027 1.060000 7.171027 7.601288
7.132264 1.060000 7.132264 7.560200
7.093919 1.060000 7.093919 7.519554
7.055984 1.060000 7.055984 7.479343
7.018452 1.060000 7.018452 7.439559
6.981317 1.060000 6.981317 7.400196
6.944573 1.060000 6.944573 7.361248
6.908214 1.060000 6.908214 7.322707
6.872234 1.060000 6.872234 7.284568
6.836627 1.060000 6.836627 7.246824
6.801386 1.060000 6.801386 7.209469
6.766507 1.060000 6.766507 7.172498
6.731984 1.060000 6.731984 7.135903
6.697812 1.060000 6.697812 7.099680
6.663984 1.060000 6.663984 7.063823
6.630497 1.060000 6.630497 7.028327
6.597345 1.060000 6.597345 6.993185
8.796459 1.065000 8.796459 9.368229
8.738205 1.065000 8.738205 9.306188
8.680717 1.065000 8.680717 9.244963
8.623980 1.065000 8.623980 9.184539
8.567980 1.065000 8.567980 9.124899
8.512703 1.065000 8.512703 9.066028
8.458134 1.065000 8.458134 9.007913
8.404261 1.065000 8.404261 8.950538
8.351069 1.065000 8.351069 8.893889
8.298547 1.065000 8.298547 8.837952
8.246681 1.065000 8.246681 8.782715
8.195459 1.065000 8.195459 8.728164
8.144870 1.065000 8.144870 8.674286
8.094901 1.065000 8.094901 8.621070
8.045542 1.065000 8.045542 8.568502
7.996781 1.065000 7.996781 8.516572
7.948608 1.065000 7.948608 8.465267
7.901011 1.065000 7.901011 8.414577
7.853982 1.065000 7.853982 8.364490
7.807508 1.065000 7.807508 8.314996
7.761582 1.065000 7.761582 8.266085
7.716192 1.065000 7.716192 8.217745
7.671331 1.065000 7.671331 8.169967
7.626988 1.065000 7.626988 8.122742
7.583155 1.065000 7.583155 8.076060
7.539822 1.065000 7.539822 8.029911
7.496982 1.065000 7.496982 7.984286
7.454627 1.065000 7.454627 7.939177
7.412747 1.065000 7.412747 7.894575
7.371335 1.065000 7.371335 7.850471
7.330383 1.065000 7.330383 7.806858
7.289884 1.065000 7.289884 7.763726
7.249829 1.065000 7.249829 7.721068
7.210213 1.065000 7.210213 7.678876
7.171027 1.065000 7.171027 7.637143
7.132264 1.065000 7.132264 7.595862
7.093919 1.065000 7.093919 7.555024
7.055984 1.065000 7.055984 7.514622
7.018452 1.065000 7.018452 7.474651
6.981317 1.065000 6.981317 7.435103
6.944573 1.065000 6.944573 7.395970
6.908214 1.065000 6.908214 7.357248
6.872234 1.065000 6.872234 7.318929
6.836627 1.065000 6.836627 7.281007
6.801386 1.065000 6.801386 7.243476
6.766507 1.065000 6.766507 7.206330
6.731984 1.065000 6.731984 7.169563
6.697812 1.065000 6.697812 7.133170
6.663984 1.065000 6.663984 7.097143
6.630497 1.065000 6.630497 7.061479
6.597345 1.065000 6.597345 7.026172
8.796459 1.070000 8.796459 9.412212
8.738205 1.070000 8.738205 9.349879
8.680717 1.070000 8.680717 9.288367
8.623980 1.070000 8.623980 9.227658
8.567980 1.070000 8.567980 9.167739
8.512703 1.070000 8.512703 9.108592
8.458134 1.070000 8.458134 9.050203
8.404261 1.070000 8.404261 8.992559
8.351069 1.070000 8.351069 8.935644
8.298547 1.070000 8.298547 8.879445
8.246681 1.070000 8.246681 8.823948
8.195459 1.070000 8.195459 8.769141
8.144870 1.070000 8.144870 8.715011
8.094901 1.070000 8.094901 8.661544
8.045542 1.070000 8.045542 8.608730
7.996781 1.070000 7.996781 8.556556
7.948608 1.070000 7.948608 8.505010
7.901011 1.070000 7.901011 8.454082
7.853982 1.070000 7.853982 8.403760
7.807508 1.070000 7.807508 8.354034
7.761582 1.070000 7.761582 8.304893
7.716192 1.070000 7.716192 8.256326
7.671331 1.070000 7.671331 8.208324
7.626988 1.070000 7.626988 8.160877
7.583155 1.070000 7.583155 8.113976
7.539822 1.070000 7.539822 8.067610
7.496982 1.070000 7.496982 8.021771
7.454627 1.070000 7.454627 7.976451
7.412747 1.070000 7.412747 7.931639
7.371335 1.070000 7.371335 7.887328
7.330383 1.070000 7.330383 7.843510
7.289884 1.070000 7.289884 7.800175
7.249829 1.070000 7.249829 7.757317
7.210213 1.070000 7.210213 7.714928
7.171027 1.070000 7.171027 7.672999
7.132264 1.070000 7.132264 7.631523
7.093919 1.070000 7.093919 7.590493
7.055984 1.070000 7.055984 7.549902
7.018452 1.070000 7.018452 7.509743
6.981317 1.070000 6.981317 7.470009
6.944573 1.070000 6.944573 7.430693
6.908214 1.070000 6.908214 7.391789
6.872234 1.070000 6.872234 7.353290
6.836627 1.070000 6.836627 7.315190
6.801386 1.070000 6.801386 7.277483
6.766507 1.070000 6.766507 7.240163
6.731984 1.070000 6.731984 7.203223
6.697812 1.070000 6.697812 7.166659
6.663984 1.070000 6.663984 7.130463
6.630497 1.070000 6.630497 7.094632
6.597345 1.070000 6.597345 7.059159
8.796459 1.075000 8.796459 9.456194
8.738205 1.075000 8.738205 9.393570
8.680717 1.075000 8.680717 9.331770
8.623980 1.075000 8.623980 9.270778
8.567980 1.075000 8.567980 9.210578
8.512703 1.075000 8.512703 9.151155
8.458134 1.075000 8.458134 9.092494
8.404261 1.075000 8.404261 9.034580
8.351069 1.075000 8.351069 8.977399
8.298547 1.075000 8.298547 8.920938
8.246681 1.075000 8.246681 8.865182
8.195459 1.075000 8.195459 8.810119
8.144870 1.075000 8.144870 8.755735
8.094901 1.075000 8.094901 8.702019
8.045542 1.075000 8.045542 8.648958
7.996781 1.075000 7.996781 8.596540
7.948608 1.075000 7.948608 8.544754
7.901011 1.075000 7.901011 8.493587
7.853982 1.075000 7.853982 8.443030
7.807508 1.075000 7.807508 8.393071
7.761582 1.075000 7.761582 8.343700
7.716192 1.075000 7.716192 8.294907
7.671331 1.075000 7.671331 8.246681
7.626988 1.075000 7.626988 8.199012
7.583155 1.075000 7.583155 8.151891
7.539822 1.075000 7.539822 8.105309
7.496982 1.075000 7.496982 8.059256
7.454627 1.075000 7.454627 8.013724
7.412747 1.075000 7.412747 7.968703
7.371335 1.075000 7.371335 7.924185
7.330383 1.075000 7.330383 7.880162
7.289884 1.075000 7.289884 7.836625
7.249829 1.075000 7.249829 7.793566
7.210213 1.075000 7.210213 7.750979
7.171027 1.075000 7.171027 7.708854
7.132264 1.075000 7.132264 7.667184
7.093919 1.075000 7.093919 7.625963
7.055984 1.075000 7.055984 7.585182
7.018452 1.075000 7.018452 7.544836
6.981317 1.075000 6.981317 7.504916
6.944573 1.075000 6.944573 7.465416
6.908214 1.075000 6.908214 7.426330
6.872234 1.075000 6.872234 7.387651
6.836627 1.075000 6.836627 7.349373
6.801386 1.075000 6.801386 7.311490
6.766507 1.075000 6.766507 7.273995
6.731984 1.075000 6.731984 7.236883
6.697812 1.075000 6.697812 7.200148
6.663984 1.075000 6.663984 7.163783
6.630497 1.075000 6.630497 7.127784
6.597345 1.075000 6.597345 7.092145
8.796459 1.080000 8.796459 9.500176
8.738205 1.080000 8.738205 9.437261
8.680717 1.080000 8.680717 9.375174
8.623980 1.080000 8.623980 9.313898
8.567980 1.080000 8.567980 9.253418
8.512703 1.080000 8.512703 9.193719
8.458134 1.080000 8.458134 9.134785
8.404261 1.080000 8.404261 9.076601
8.351069 1.080000 8.351069 9.019155
8.298547 1.080000 8.298547 8.962430
8.246681 1.080000 8.246681 8.906415
8.195459 1.080000 8.195459 8.851096
8.144870 1.080000 8.144870 8.796459
8.094901 1.080000 8.094901 8.742493
8.045542 1.080000 8.045542 8.689186
7.996781 1.080000 7.996781 8.636524
7.948608 1.080000 7.948608 8.584497
7.901011 1.080000 7.901011 8.533092
7.853982 1.080000 7.853982 8.482300
7.807508 1.080000 7.807508 8.432109
7.761582 1.080000 7.761582 8.382508
7.716192 1.080000 7.716192 8.333488
7.671331 1.080000 7.671331 8.285037
7.626988 1.080000 7.626988 8.237147
7.583155 1.080000 7.583155 8.189807
7.539822 1.080000 7.539822 8.143008
7.496982 1.080000 7.496982 8.096741
7.454627 1.080000 7.454627 8.050997
7.412747 1.080000 7.412747 8.005766
7.371335 1.080000 7.371335 7.961041
7.330383 1.080000 7.330383 7.916813
7.289884 1.080000 7.289884 7.873074
7.249829 1.080000 7.249829 7.829816
7.210213 1.080000 7.210213 7.787030
7.171027 1.080000 7.171027 7.744709
7.132264 1.080000 7.132264 7.702846
7.093919 1.080000 7.093919 7.661432
7.055984 1.080000 7.055984 7.620462
7.018452 1.080000 7.018452 7.579928
6.981317 1.080000 6.981317 7.539822
6.944573 1.080000 6.944573 7.500139
6.908214 1.080000 6.908214 7.460871
6.872234 1.080000 6.872234 7.422013
6.836627 1.080000 6.836627 7.383557
6.801386 1.080000 6.801386 7.345497
6.766507 1.080000 6.766507 7.307828
6.731984 1.080000 6.731984 7.270543
6.697812 1.080000 6.697812 7.233637
6.663984 1.080000 6.663984 7.197103
6.630497 1.080000 6.630497 7.160937
6.597345 1.080000 6.597345 7.125132
8.796459 1.085000 8.796459 9.544158
8.738205 1.085000 8.738205 9.480952
8.680717 1.085000 8.680717 9.418577
8.623980 1.085000 8.623980 9.357018
8.567980 1.085000 8.567980 9.296258
8.512703 1.085000 8.512703 9.236282
8.458134 1.085000 8.458134 9.177075
8.404261 1.085000 8.404261 9.118623
8.351069 1.085000 8.351069 9.060910
8.298547 1.085000 8.298547 9.003923
8.246681 1.085000 8.246681 8.947649
8.195459 1.085000 8.195459 8.892073
8.144870 1.085000 8.144870 8.837184
8.094901 1.085000 8.094901 8.782968
8.045542 1.085000 8.045542 8.729413
7.996781 1.085000 7.996781 8.676508
7.948608 1.085000 7.948608 8.624240
7.901011 1.085000 7.901011 8.572597
7.853982 1.085000 7.853982 8.521570
7.807508 1.085000 7.807508 8.471147
7.761582 1.085000 7.761582 8.421316
7.716192 1.085000 7.716192 8.372069
7.671331 1.085000 7.671331 8.323394
7.626988 1.085000 7.626988 8.275282
7.583155 1.085000 7.583155 8.227723
7.539822 1.085000 7.539822 8.180707
7.496982 1.085000 7.496982 8.134226
7.454627 1.085000 7.454627 8.088270
7.412747 1.085000 7.412747 8.042830
7.371335 1.085000 7.371335 7.997898
7.330383 1.085000 7.330383 7.953465
7.289884 1.085000 7.289884 7.909524
7.249829 1.085000 7.249829 7.866065
7.210213 1.085000 7.210213 7.823081
7.171027 1.085000 7.171027 7.780564
7.132264 1.085000 7.132264 7.738507
7.093919 1.085000 7.093919 7.696902
7.055984 1.085000 7.055984 7.655742
7.018452 1.085000 7.018452 7.615020
6.981317 1.085000 6.981317 7.574729
6.944573 1.085000 6.944573 7.534862
6.908214 1.085000 6.908214 7.495412
6.872234 1.085000 6.872234 7.456374
6.836627 1.085000 6.836627 7.417740
6.801386 1.085000 6.801386 7.379504
6.766507 1.085000 6.766507 7.341660
6.731984 1.085000 6.731984 7.304203
6.697812 1.085000 6.697812 7.267126
6.663984 1.085000 6.663984 7.230423
6.630497 1.085000 6.630497 7.194089
6.597345 1.085000 6.597345 7.158119
8.796459 1.090000 8.796459 9.588141
8.738205 1.090000 8.738205 9.524643
8.680717 1.090000 8.680717 9.461981
8.623980 1.090000 8.623980 9.400138
8.567980 1.090000 8.567980 9.339098
8.512703 1.090000 8.512703 9.278846
8.458134 1.090000 8.458134 9.219366
8.404261 1.090000 8.404261 9.160644
8.351069 1.090000 8.351069 9.102665
8.298547 1.090000 8.298547 9.045416
8.246681 1.090000 8.246681 8.988882
8.195459 1.090000 8.195459 8.933050
8.144870 1.090000 8.144870 8.877908
8.094901 1.090000 8.094901 8.823442
8.045542 1.090000 8.045542 8.769641
7.996781 1.090000 7.996781 8.716492
7.948608 1.090000 7.948608 8.663983
7.901011 1.090000 7.901011 8.612102
7.853982 1.090000 7.853982 8.560840
7.807508 1.090000 7.807508 8.510184
7.761582 1.090000 7.761582 8.460124
7.716192 1.090000 7.716192 8.410650
7.671331 1.090000 7.671331 8.361751
7.626988 1.090000 7.626988 8.313417
7.583155 1.090000 7.583155 8.265639
7.539822 1.090000 7.539822 8.218406
7.496982 1.090000 7.496982 8.171711
7.454627 1.090000 7.454627 8.125543
7.412747 1.090000 7.412747 8.079894
7.371335 1.090000 7.371335 8.034755
7.330383 1.090000 7.330383 7.990117
7.289884 1.090000 7.289884 7.945973
7.249829 1.090000 7.249829 7.902314
7.210213 1.090000 7.210213 7.859132
7.171027 1.090000 7.171027 7.816419
7.132264 1.090000 7.132264 7.774168
7.093919 1.090000 7.093919 7.732372
7.055984 1.090000 7.055984 7.691022
7.018452 1.090000 7.018452 7.650112
6.981317 1.090000 6.981317 7.609636
6.944573 1.090000 6.944573 7.569585
6.908214 1.090000 6.908214 7.529953
6.872234 1.090000 6.872234 7.490735
6.836627 1.090000 6.836627 7.451923
6.801386 1.090000 6.801386 7.413511
6.766507 1.090000 6.766507 7.375493
6.731984 1.090000 6.731984 7.337863
6.697812 1.090000 6.697812 7.300615
6.663984 1.090000 6.663984 7.263743
6.630497 1.090000 6.630497 7.227242
6.597345 1.090000 6.597345 7.191106
8.796459 1.095000 8.796459 9.632123
8.738205 1.095000 8.738205 9.568334
8.680717 1.095000 8.680717 9.505385
8.623980 1.095000 8.623980 9.443258
8.567980 1.095000 8.567980 9.381938
8.512703 1.095000 8.512703 9.321409
8.458134 1.095000 8.458134 9.261657
8.404261 1.095000 8.404261 9.202665
8.351069 1.095000 8.351069 9.144421
8.298547 1.095000 8.298547 9.086909
8.246681 1.095000 8.246681 9.030115
8.195459 1.095000 8.195459 8.974028
8.144870 1.095000 8.144870 8.918632
8.094901 1.095000 8.094901 8.863917
8.045542 1.095000 8.045542 8.809869
7.996781 1.095000 7.996781 8.756476
7.948608 1.095000 7.948608 8.703726
7.901011 1.095000 7.901011 8.651608
7.853982 1.095000 7.853982 8.600110
7.807508 1.095000 7.807508 8.549222
7.761582 1.095000 7.761582 8.498932
7.716192 1.095000 7.716192 8.449231
7.671331 1.095000 7.671331 8.400107
7.626988 1.095000 7.626988 8.351552
7.583155 1.095000 7.583155 8.303554
7.539822 1.095000 7.539822 8.256105
7.496982 1.095000 7.496982 8.209196
7.454627 1.095000 7.454627 8.162816
7.412747 1.095000 7.412747 8.116958
7.371335 1.095000 7.371335 8.071612
7.330383 1.095000 7.330383 8.026769
7.289884 1.095000 7.289884 7.982422
7.249829 1.095000 7.249829 7.938563
7.210213 1.095000 7.210213 7.895183
7.171027 1.095000 7.171027 7.852274
7.132264 1.095000 7.132264 7.809830
7.093919 1.095000 7.093919 7.767841
7.055984 1.095000 7.055984 7.726302
7.018452 1.095000 7.018452 7.685205
6.981317 1.095000 6.981317 7.644542
6.944573 1.095000 6.944573 7.604308
6.908214 1.095000 6.908214 7.564495
6.872234 1.095000 6.872234 7.525096
6.836627 1.095000 6.836627 7.486106
6.801386 1.095000 6.801386 7.447518
6.766507 1.095000 6.766507 7.409325
6.731984 1.095000 6.731984 7.371523
6.697812 1.095000 6.697812 7.334104
6.663984 1.095000 6.663984 7.297063
6.630497 1.095000 6.630497 7.260394
6.597345 1.095000 6.597345 7.224092
8.796459 1.100000 8.796459 9.676105
8.738205 1.100000 8.738205 9.612025
8.680717 1.100000 8.680717 9.548788
8.623980 1.100000 8.623980 9.486378
8.567980 1.100000 8.567980 9.424778
8.512703 1.100000 8.512703 9.363973
8.458134 1.100000 8.458134 9.303947
8.404261 1.100000 8.404261 9.244687
8.351069 1.100000 8.351069 9.186176
8.298547 1.100000 8.298547 9.128401
8.246681 1.100000 8.246681 9.071349
8.195459 1.100000 8.195459 9.015005
8.144870 1.100000 8.144870 8.959357
8.094901 1.100000 8.094901 8.904391
8.045542 1.100000 8.045542 8.850096
7.996781 1.100000 7.996781 8.796459
7.948608 1.100000 7.948608 8.743469
7.901011 1.100000 7.901011 8.691113
7.853982 1.100000 7.853982 8.639380
7.807508 1.100000 7.807508 8.588259
7.761582 1.100000 7.761582 8.537740
7.716192 1.100000 7.716192 8.487812
7.671331 1.100000 7.671331 8.438464
7.626988 1.100000 7.626988 8.389687
7.583155 1.100000 7.583155 8.341470
7.539822 1.100000 7.539822 8.293805
7.496982 1.100000 7.496982 8.246681
7.454627 1.100000 7.454627 8.200089
7.412747 1.100000 7.412747 8.154021
7.371335 1.100000 7.371335 8.108468
7.330383 1.100000 7.330383 8.063421
7.289884 1.100000 7.289884 8.018872
7.249829 1.100000 7.249829 7.974812
7.210213 1.100000 7.210213 7.931234
7.171027 1.100000 7.171027 7.888129
7.132264 1.100000 7.132264 7.845491
7.093919 1.100000 7.093919 7.803311
7.055984 1.100000 7.055984 7.761582
7.018452 1.100000 7.018452 7.720297
6.981317 1.100000 6.981317 7.679449
6.944573 1.100000 6.944573 7.639031
6.908214 1.100000 6.908214 7.599036
6.872234 1.100000 6.872234 7.559457
6.836627 1.100000 6.836627 7.520289
6.801386 1.100000 6.801386 7.481525
6.766507 1.100000 6.766507 7.443158
6.731984 1.100000 6.731984 7.405183
6.697812 1.100000 6.697812 7.367593
6.663984 1.100000 6.663984 7.330383
6.630497 1.100000 6.630497 7.293547
6.597345 1.100000 6.597345 7.257079
8.796459 1.105000 8.796459 9.720088
8.738205 1.105000 8.738205 9.655716
8.680717 1.105000 8.680717 9.592192
8.623980 1.105000 8.623980 9.529498
8.567980 1.105000 8.567980 9.467618
8.512703 1.105000 8.512703 9.406536
8.458134 1.105000 8.458134 9.346238
8.404261 1.105000 8.404261 9.286708
8.351069 1.105000 8.351069 9.227931
8.298547 1.105000 8.298547 9.169894
8.246681 1.105000 8.246681 9.112582
8.195459 1.105000 8.195459 9.055982
8.144870 1.105000 8.144870 9.000081
8.094901 1.105000 8.094901 8.944866
8.045542 1.105000 8.045542 8.890324
7.996781 1.105000 7.996781 8.836443
7.948608 1.105000 7.948608 8.783212
7.901011 1.105000 7.901011 8.730618
7.853982 1.105000 7.853982 8.678650
7.807508 1.105000 7.807508 8.627297
7.761582 1.105000 7.761582 8.576548
7.716192 1.105000 7.716192 8.526393
7.671331 1.105000 7.671331 8.476821
7.626988 1.105000 7.626988 8.427822
7.583155 1.105000 7.583155 8.379386
7.539822 1.105000 7.539822 8.331504
7.496982 1.105000 7.496982 8.284166
7.454627 1.105000 7.454627 8.237362
7.412747 1.105000 7.412747 8.191085
7.371335 1.105000 7.371335 8.145325
7.330383 1.105000 7.330383 8.100073
7.289884 1.105000 7.289884 8.055321
7.249829 1.105000 7.249829 8.011061
7.210213 1.105000 7.210213 7.967285
7.171027 1.105000 7.171027 7.923985
7.132264 1.105000 7.132264 7.881152
7.093919 1.105000 7.093919 7.838780
7.055984 1.105000 7.055984 7.796862
7.018452 1.105000 7.018452 7.755389
6.981317 1.105000 6.981317 7.714355
6.944573 1.105000 6.944573 7.673753
6.908214 1.105000 6.908214 7.633577
6.872234 1.105000 6.872234 7.593818
6.836627 1.105000 6.836627 7.554472
6.801386 1.105000 6.801386 7.515532
6.766507 1.105000 6.766507 7.476991
6.731984 1.105000 6.731984 7.438843
6.697812 1.105000 6.697812 7.401082
6.663984 1.105000 6.663984 7.363703
6.630497 1.105000 6.630497 7.326699
6.597345 1.105000 6.597345 7.290066
8.796459 1.110000 8.796459 9.764070
8.738205 1.110000 8.738205 9.699407
8.680717 1.110000 8.680717 9.635595
8.623980 1.110000 8.623980 9.572618
8.567980 1.110000 8.567980 9.510458
8.512703 1.110000 8.512703 9.449100
8.458134 1.110000 8.458134 9.388529
8.404261 1.110000 8.404261 9.328729
8.351069 1.110000 8.351069 9.269687
8.298547 1.110000 8.298547 9.211387
8.246681 1.110000 8.246681 9.153816
8.195459 1.110000 8.195459 9.096960
8.144870 1.110000 8.144870 9.040806
8.094901 1.110000 8.094901 8.985340
8.045542 1.110000 8.045542 8.930552
7.996781 1.110000 7.996781 8.876427
7.948608 1.110000 7.948608 8.822955
7.901011 1.110000 7.901011 8.770123
7.853982 1.110000 7.853982 8.717920
7.807508 1.110000 7.807508 8.666334
7.761582 1.110000 7.761582 8.615356
7.716192 1.110000 7.716192 8.564974
7.671331 1.110000 7.671331 8.515177
7.626988 1.110000 7.626988 8.465957
7.583155 1.110000 7.583155 8.417302
7.539822 1.110000 7.539822 8.369203
7.496982 1.110000 7.496982 8.321651
7.454627 1.110000 7.454627 8.274636
7.412747 1.110000 7.412747 8.228149
7.371335 1.110000 7.371335 8.182182
7.330383 1.110000 7.330383 8.136725
7.289884 1.110000 7.289884 8.091771
7.249829 1.110000 7.249829 8.047310
7.210213 1.110000 7.210213 8.003336
7.171027 1.110000 7.171027 7.959840
7.132264 1.110000 7.132264 7.916813
7.093919 1.110000 7.093919 7.874250
7.055984 1.110000 7.055984 7.832142
7.018452 1.110000 7.018452 7.790481
6.981317 1.110000 6.981317 7.749262
6.944573 1.110000 6.944573 7.708476
6.908214 1.110000 6.908214 7.668118
6.872234 1.110000 6.872234 7.628180
6.836627 1.110000 6.836627 7.588655
6.801386 1.110000 6.801386 7.549539
6.766507 1.110000 6.766507 7.510823
6.731984 1.110000 6.731984 7.472503
6.697812 1.110000 6.697812 7.434571
6.663984 1.110000 6.663984 7.397023
6.630497 1.110000 6.630497 7.359852
6.597345 1.110000 6.597345 7.323052
8.796459 1.115000 8.796459 9.808052
8.738205 1.115000 8.738205 9.743098
8.680717 1.115000 8.680717 9.678999
8.623980 1.115000 8.623980 9.615738
8.567980 1.115000 8.567980 9.553298
8.512703 1.115000 8.512703 9.491663
8.458134 1.115000 8.458134 9.430819
8.404261 1.115000 8.404261 9.370751
8.351069 1.115000 8.351069 9.311442
8.298547 1.115000 8.298547 9.252879
8.246681 1.115000 8.246681 9.195049
8.195459 1.115000 8.195459 9.137937
8.144870 1.115000 8.144870 9.081530
8.094901 1.115000 8.094901 9.025815
8.045542 1.115000 8.045542 8.970780
7.996781 1.115000 7.996781 8.916411
7.948608 1.115000 7.948608 8.862698
7.901011 1.115000 7.901011 8.809628
7.853982 1.115000 7.853982 8.757190
7.807508 1.115000 7.807508 8.705372
7.761582 1.115000 7.761582 8.654164
7.716192 1.115000 7.716192 8.603555
7.671331 1.115000 7.671331 8.553534
7.626988 1.115000 7.626988 8.504092
7.583155 1.115000 7.583155 8.455217
7.539822 1.115000 7.539822 8.406902
7.496982 1.115000 7.496982 8.359135
7.454627 1.115000 7.454627 8.311909
7.412747 1.115000 7.412747 8.265213
7.371335 1.115000 7.371335 8.219038
7.330383 1.115000 7.330383 8.173377
7.289884 1.115000 7.289884 8.128220
7.249829 1.115000 7.249829 8.083560
7.210213 1.115000 7.210213 8.039387
7.171027 1.115000 7.171027 7.995695
7.132264 1.115000 7.132264 7.952475
7.093919 1.115000 7.093919 7.909720
7.055984 1.115000 7.055984 7.867422
7.018452 1.115000 7.018452 7.825574
6.981317 1.115000 6.981317 7.784168
6.944573 1.115000 6.944573 7.743199
6.908214 1.115000 6.908214 7.702659
6.872234 1.115000 6.872234 7.662541
6.836627 1.115000 6.836627 7.622839
6.801386 1.115000 6.801386 7.583546
6.766507 1.115000 6.766507 7.544656
6.731984 1.115000 6.731984 7.506162
6.697812 1.115000 6.697812 7.468060
6.663984 1.115000 6.663984 7.430343
6.630497 1.115000 6.630497 7.393004
6.597345 1.115000 6.597345 7.356039
8.796459 1.120000 8.796459 9.852035
8.738205 1.120000 8.738205 9.786789
8.680717 1.120000 8.680717 9.722403
8.623980 1.120000 8.623980 9.658857
8.567980 1.120000 8.567980 9.596138
8.512703 1.120000 8.512703 9.534227
8.458134 1.120000 8.458134 9.473110
8.404261 1.120000 8.404261 9.412772
8.351069 1.120000 8.351069 9.353197
8.298547 1.120000 8.298547 9.294372
8.246681 1.120000 8.246681 9.236282
8.195459 1.120000 8.195459 9.178914
8.144870 1.120000 8.144870 9.122254
8.094901 1.120000 8.094901 9.066289
8.045542 1.120000 8.045542 9.011007
7.996781 1.120000 7.996781 8.956395
7.948608 1.120000 7.948608 8.902441
7.901011 1.120000 7.901011 8.849133
7.853982 1.120000 7.853982 8.796459
7.807508 1.120000 7.807508 8.744409
7.761582 1.120000 7.761582 8.692972
7.716192 1.120000 7.716192 8.642136
7.671331 1.120000 7.671331 8.591891
7.626988 1.120000 7.626988 8.542226
7.583155 1.120000 7.583155 8.493133
7.539822 1.120000 7.539822 8.444601
7.496982 1.120000 7.496982 8.396620
7.454627 1.120000 7.454627 8.349182
7.412747 1.120000 7.412747 8.302276
7.371335 1.120000 7.371335 8.255895
7.330383 1.120000 7.330383 8.210029
7.289884 1.120000 7.289884 8.164670
7.249829 1.120000 7.249829 8.119809
7.210213 1.120000 7.210213 8.075438
7.171027 1.120000 7.171027 8.031550
7.132264 1.120000 7.132264 7.988136
7.093919 1.120000 7.093919 7.945189
7.055984 1.120000 7.055984 7.902702
7.018452 1.120000 7.018452 7.860666
6.981317 1.120000 6.981317 7.819075
6.944573 1.120000 6.944573 7.777922
6.908214 1.120000 6.908214 7.737200
6.872234 1.120000 6.872234 7.696902
6.836627 1.120000 6.836627 7.657022
6.801386 1.120000 6.801386 7.617552
6.766507 1.120000 6.766507 7.578488
6.731984 1.120000 6.731984 7.539822
6.697812 1.120000 6.697812 7.501549
6.663984 1.120000 6.663984 7.463663
6.630497 1.120000 6.630497 7.426157
6.597345 1.120000 6.597345 7.389026
8.796459 1.125000 8.796459 9.896017
8.738205 1.125000 8.738205 9.830480
8.680717 1.125000 8.680717 9.765806
8.623980 1.125000 8.623980 9.701977
8.567980 1.125000 8.567980 9.638977
8.512703 1.125000 8.512703 9.576791
8.458134 1.125000 8.458134 9.515401
8.404261 1.125000 8.404261 9.454793
8.351069 1.125000 8.351069 9.394953
8.298547 1.125000 8.298547 9.335865
8.246681 1.125000 8.246681 9.277516
8.195459 1.125000 8.195459 9.219891
8.144870 1.125000 8.144870 9.162979
8.094901 1.125000 8.094901 9.106764
8.045542 1.125000 8.045542 9.051235
7.996781 1.125000 7.996781 8.996379
7.948608 1.125000 7.948608 8.942184
7.901011 1.125000 7.901011 8.888638
7.853982 1.125000 7.853982 8.835729
7.807508 1.125000 7.807508 8.783447
7.761582 1.125000 7.761582 8.731780
7.716192 1.125000 7.716192 8.680717
7.671331 1.125000 7.671331 8.630247
7.626988 1.125000 7.626988 8.580361
7.583155 1.125000 7.583155 8.531049
7.539822 1.125000 7.539822 8.482300
7.496982 1.125000 7.496982 8.434105
7.454627 1.125000 7.454627 8.386455
7.412747 1.125000 7.412747 8.339340
7.371335 1.125000 7.371335 8.292752
7.330383 1.125000 7.330383 8.246681
7.289884 1.125000 7.289884 8.201119
7.249829 1.125000 7.249829 8.156058
7.210213 1.125000 7.210213 8.111489
7.171027 1.125000 7.171027 8.067405
7.132264 1.125000 7.132264 8.023797
7.093919 1.125000 7.093919 7.980659
7.055984 1.125000 7.055984 7.937981
7.018452 1.125000 7.018452 7.895758
6.981317 1.125000 6.981317 7.853982
6.944573 1.125000 6.944573 7.812645
6.908214 1.125000 6.908214 7.771741
6.872234 1.125000 6.872234 7.731263
6.836627 1.125000 6.836627 7.691205
6.801386 1.125000 6.801386 7.651559
6.766507 1.125000 6.766507 7.612321
6.731984 1.125000 6.731984 7.573482
6.697812 1.125000 6.697812 7.535038
6.663984 1.125000 6.663984 7.496982
6.630497 1.125000 6.630497 7.459309
6.597345 1.125000 6.597345 7.422013
8.796459 1.130000 8.796459 9.939999
8.738205 1.130000 8.738205 9.874171
8.680717 1.130000 8.680717 9.809210
8.623980 1.130000 8.623980 9.745097
8.567980 1.130000 8.567980 9.681817
8.512703 1.130000 8.512703 9.619354
8.458134 1.130000 8.458134 9.557691
8.404261 1.130000 8.404261 9.496814
8.351069 1.130000 8.351069 9.436708
8.298547 1.130000 8.298547 9.377358
8.246681 1.130000 8.246681 9.318749
8.195459 1.130000 8.195459 9.260869
8.144870 1.130000 8.144870 9.203703
8.094901 1.130000 8.094901 9.147238
8.045542 1.130000 8.045542 9.091463
7.996781 1.130000 7.996781 9.036363
7.948608 1.130000 7.948608 8.981927
7.901011 1.130000 7.901011 8.928143
7.853982 1.130000 7.853982 8.874999
7.807508 1.130000 7.807508 8.822484
7.761582 1.130000 7.761582 8.770587
7.716192 1.130000 7.716192 8.719298
7.671331 1.130000 7.671331 8.668604
7.626988 1.130000 7.626988 8.618496
7.583155 1.130000 7.583155 8.568965
7.539822 1.130000 7.539822 8.519999
7.496982 1.130000 7.496982 8.471590
7.454627 1.130000 7.454627 8.423728
7.412747 1.130000 7.412747 8.376404
7.371335 1.130000 7.371335 8.329608
7.330383 1.130000 7.330383 8.283333
7.289884 1.130000 7.289884 8.237568
7.249829 1.130000 7.249829 8.192307
7.210213 1.130000 7.210213 8.147540
7.171027 1.130000 7.171027 8.103260
7.132264 1.130000 7.132264 8.059459
7.093919 1.130000 7.093919 8.016128
7.055984 1.130000 7.055984 7.973261
7.018452 1.130000 7.018452 7.930850
6.981317 1.130000 6.981317 7.888888
6.944573 1.130000 6.944573 7.847368
6.908214 1.130000 6.908214 7.806282
6.872234 1.130000 6.872234 7.765624
6.836627 1.130000 6.836627 7.725388
6.801386 1.130000 6.801386 7.685566
6.766507 1.130000 6.766507 7.646153
6.731984 1.130000 6.731984 7.607142
6.697812 1.130000 6.697812 7.568527
6.663984 1.130000 6.663984 7.530302
6.630497 1.130000 6.630497 7.492462
6.597345 1.130000 6.597345 7.454999
8.796459 1.135000 8.796459 9.983981
8.738205 1.135000 8.738205 9.917862
8.680717 1.135000 8.680717 9.852613
8.623980 1.135000 8.623980 9.788217
8.567980 1.135000 8.567980 9.724657
8.512703 1.135000 8.512703 9.661918
8.458134 1.135000 8.458134 9.599982
8.404261 1.135000 8.404261 9.538836
8.351069 1.135000 8.351069 9.478463
8.298547 1.135000 8.298547 9.418850
8.246681 1.135000 8.246681 9.359983
8.195459 1.135000 8.195459 9.301846
8.144870 1.135000 8.144870 9.244427
8.094901 1.135000 8.094901 9.187713
8.045542 1.135000 8.045542 9.131690
7.996781 1.135000 7.996781 9.076347
7.948608 1.135000 7.948608 9.021670
7.901011 1.135000 7.901011 8.967648
7.853982 1.135000 7.853982 8.914269
7.807508 1.135000 7.807508 8.861522
7.761582 1.135000 7.761582 8.809395
7.716192 1.135000 7.716192 8.757878
7.671331 1.135000 7.671331 8.706961
7.626988 1.135000 7.626988 8.656631
7.583155 1.135000 7.583155 8.606881
7.539822 1.135000 7.539822 8.557698
7.496982 1.135000 7.496982 8.509075
7.454627 1.135000 7.454627 8.461001
7.412747 1.135000 7.412747 8.413468
7.371335 1.135000 7.371335 8.366465
7.330383 1.135000 7.330383 8.319985
7.289884 1.135000 7.289884 8.274018
7.249829 1.135000 7.249829 8.228556
7.210213 1.135000 7.210213 8.183591
7.171027 1.135000 7.171027 8.139115
7.132264 1.135000 7.132264 8.095120
7.093919 1.135000 7.093919 8.051598
7.055984 1.135000 7.055984 8.008541
7.018452 1.135000 7.018452 7.965943
6.981317 1.135000 6.981317 7.923795
6.944573 1.135000 6.944573 7.882091
6.908214 1.135000 6.908214 7.840823
6.872234 1.135000 6.872234 7.799986
6.836627 1.135000 6.836627 7.759571
6.801386 1.135000 6.801386 7.719573
6.766507 1.135000 6.766507 7.679986
6.731984 1.135000 6.731984 7.640802
6.697812 1.135000 6.697812 7.602016
6.663984 1.135000 6.663984 7.563622
6.630497 1.135000 6.630497 7.525614
6.597345 1.135000 6.597345 7.487986
8.796459 1.140000 8.796459 10.027964
8.738205 1.140000 8.738205 9.961553
8.680717 1.140000 8.680717 9.896017
8.623980 1.140000 8.623980 9.831337
8.567980 1.140000 8.567980 9.767497
8.512703 1.140000 8.512703 9.704481
8.458134 1.140000 8.458134 9.642273
8.404261 1.140000 8.404261 9.580857
8.351069 1.140000 8.351069 9.520219
8.298547 1.140000 8.298547 9.460343
8.246681 1.140000 8.246681 9.401216
8.195459 1.140000 8.195459 9.342823
8.144870 1.140000 8.144870 9.285152
8.094901 1.140000 8.094901 9.228188
8.045542 1.140000 8.045542 9.171918
7.996781 1.140000 7.996781 9.116331
7.948608 1.140000 7.948608 9.061413
7.901011 1.140000 7.901011 9.007153
7.853982 1.140000 7.853982 8.953539
7.807508 1.140000 7.807508 8.900560
7.761582 1.140000 7.761582 8.848203
7.716192 1.140000 7.716192 8.796459
7.671331 1.140000 7.671331 8.745317
7.626988 1.140000 7.626988 8.694766
7.583155 1.140000 7.583155 8.644796
7.539822 1.140000 7.539822 8.595398
7.496982 1.140000 7.496982 8.546560
7.454627 1.140000 7.454627 8.498274
7.412747 1.140000 7.412747 8.450531
7.371335 1.140000 7.371335 8.403322
7.330383 1.140000 7.330383 8.356636
7.289884 1.140000 7.289884 8.310467
7.249829 1.140000 7.249829 8.264805
7.210213 1.140000 7.210213 8.219642
7.171027 1.140000 7.171027 8.174970
7.132264 1.140000 7.132264 8.130781
7.093919 1.140000 7.093919 8.087068
7.055984 1.140000 7.055984 8.043821
7.018452 1.140000 7.018452 8.001035
6.981317 1.140000 6.981317 7.958701
6.944573 1.140000 6.944573 7.916813
6.908214 1.140000 6.908214 7.875364
6.872234 1.140000 6.872234 7.834347
6.836627 1.140000 6.836627 7.793754
6.801386 1.140000 6.801386 7.753580
6.766507 1.140000 6.766507 7.713818
6.731984 1.140000 6.731984 7.674462
6.697812 1.140000 6.697812 7.635505
6.663984 1.140000 6.663984 7.596942
6.630497 1.140000 6.630497 7.558767
6.597345 1.140000 6.597345 7.520973
8.796459 1.145000 8.796459 10.071946
8.738205 1.145000 8.738205 10.005244
8.680717 1.145000 8.680717 9.939420
8.623980 1.145000 8.623980 9.874457
8.567980 1.145000 8.567980 9.810337
8.512703 1.145000 8.512703 9.747045
8.458134 1.145000 8.458134 9.684564
8.404261 1.145000 8.404261 9.622878
8.351069 1.145000 8.351069 9.561974
8.298547 1.145000 8.298547 9.501836
8.246681 1.145000 8.246681 9.442449
8.195459 1.145000 8.195459 9.383801
8.144870 1.145000 8.144870 9.325876
8.094901 1.145000 8.094901 9.268662
8.045542 1.145000 8.045542 9.212146
7.996781 1.145000 7.996781 9.156315
7.948608 1.145000 7.948608 9.101156
7.901011 1.145000 7.901011 9.046658
7.853982 1.145000 7.853982 8.992809
7.807508 1.145000 7.807508 8.939597
7.761582 1.145000 7.761582 8.887011
7.716192 1.145000 7.716192 8.835040
7.671331 1.145000 7.671331 8.783674
7.626988 1.145000 7.626988 8.732901
7.583155 1.145000 7.583155 8.682712
7.539822 1.145000 7.539822 8.633097
7.496982 1.145000 7.496982 8.584045
7.454627 1.145000 7.454627 8.535547
7.412747 1.145000 7.412747 8.487595
7.371335 1.145000 7.371335 8.440178
7.330383 1.145000 7.330383 8.393288
7.289884 1.145000 7.289884 8.346917
7.249829 1.145000 7.249829 8.301054
7.210213 1.145000 7.210213 8.255693
7.171027 1.145000 7.171027 8.210826
7.132264 1.145000 7.132264 8.166443
7.093919 1.145000 7.093919 8.122537
7.055984 1.145000 7.055984 8.079101
7.018452 1.145000 7.018452 8.036127
6.981317 1.145000 6.981317 7.993608
6.944573 1.145000 6.944573 7.951536
6.908214 1.145000 6.908214 7.909905
6.872234 1.145000 6.872234 7.868708
6.836627 1.145000 6.836627 7.827937
6.801386 1.145000 6.801386 7.787587
6.766507 1.145000 6.766507 7.747651
6.731984 1.145000 6.731984 7.708122
6.697812 1.145000 6.697812 7.668994
6.663984 1.145000 6.663984 7.630262
6.630497 1.145000 6.630497 7.591919
6.597345 1.145000 6.597345 7.553960
8.796459 1.150000 8.796459 10.115928
8.738205 1.150000 8.738205 10.048935
8.680717 1.150000 8.680717 9.982824
8.623980 1.150000 8.623980 9.917577
8.567980 1.150000 8.567980 9.853177
8.512703 1.150000 8.512703 9.789608
8.458134 1.150000 8.458134 9.726854
8.404261 1.150000 8.404261 9.664900
8.351069 1.150000 8.351069 9.603729
8.298547 1.150000 8.298547 9.543329
8.246681 1.150000 8.246681 9.483683
8.195459 1.150000 8.195459 9.424778
8.144870 1.150000 8.144870 9.366600
8.094901 1.150000 8.094901 9.309137
8.045542 1.150000 8.045542 9.252373
7.996781 1.150000 7.996781 9.196298
7.948608 1.150000 7.948608 9.140899
7.901011 1.150000 7.901011 9.086163
7.853982 1.150000 7.853982 9.032079
7.807508 1.150000 7.807508 8.978635
7.761582 1.150000 7.761582 8.925819
7.716192 1.150000 7.716192 8.873621
7.671331 1.150000 7.671331 8.822031
7.626988 1.150000 7.626988 8.771036
7.583155 1.150000 7.583155 8.720628
7.539822 1.150000 7.539822 8.670796
7.496982 1.150000 7.496982 8.621530
7.454627 1.150000 7.454627 8.572821
7.412747 1.150000 7.412747 8.524659
7.371335 1.150000 7.371335 8.477035
7.330383 1.150000 7.330383 8.429940
7.289884 1.150000 7.289884 8.383366
7.249829 1.150000 7.249829 8.337304
7.210213 1.150000 7.210213 8.291745
7.171027 1.150000 7.171027 8.246681
7.132264 1.150000 7.132264 8.202104
7.093919 1.150000 7.093919 8.158007
7.055984 1.150000 7.055984 8.114381
7.018452 1.150000 7.018452 8.071219
6.981317 1.150000 6.981317 8.028515
6.944573 1.150000 6.944573 7.986259
6.908214 1.150000 6.908214 7.944446
6.872234 1.150000 6.872234 7.903069
6.836627 1.150000 6.836627 7.862120
6.801386 1.150000 6.801386 7.821594
6.766507 1.150000 6.766507 7.781483
6.731984 1.150000 6.731984 7.741782
6.697812 1.150000 6.697812 7.702484
6.663984 1.150000 6.663984 7.663582
6.630497 1.150000 6.630497 7.625072
6.597345 1.150000 6.597345 7.586946
8.796459 1.155000 8.796459 10.159911
8.738205 1.155000 8.738205 10.092626
8.680717 1.155000 8.680717 10.026228
8.623980 1.155000 8.623980 9.960697
8.567980 1.155000 8.567980 9.896017
8.512703 1.155000 8.512703 9.832172
8.458134 1.155000 8.458134 9.769145
8.404261 1.155000 8.404261 9.706921
8.351069 1.155000 8.351069 9.645485
8.298547 1.155000 8.298547 9.584821
8.246681 1.155000 8.246681 9.524916
8.195459 1.155000 8.195459 9.465755
8.144870 1.155000 8.144870 9.407325
8.094901 1.155000 8.094901 9.349611
8.045542 1.155000 8.045542 9.292601
7.996781 1.155000 7.996781 9.236282
7.948608 1.155000 7.948608 9.180642
7.901011 1.155000 7.901011 9.125668
7.853982 1.155000 7.853982 9.071349
7.807508 1.155000 7.807508 9.017672
7.761582 1.155000 7.761582 8.964627
7.716192 1.155000 7.716192 8.912202
7.671331 1.155000 7.671331 8.860387
7.626988 1.155000 7.626988 8.809171
7.583155 1.155000 7.583155 8.758544
7.539822 1.155000 7.539822 8.708495
7.496982 1.155000 7.496982 8.659015
7.454627 1.155000 7.454627 8.610094
7.412747 1.155000 7.412747 8.561722
7.371335 1.155000 7.371335 8.513892
7.330383 1.155000 7.330383 8.466592
7.289884 1.155000 7.289884 8.419815
7.249829 1.155000 7.249829 8.373553
7.210213 1.155000 7.210213 8.327796
7.171027 1.155000 7.171027 8.282536
7.132264 1.155000 7.132264 8.237765
7.093919 1.155000 7.093919 8.193476
7.055984 1.155000 7.055984 8.149661
7.018452 1.155000 7.018452 8.106312
6.981317 1.155000 6.981317 8.063421
6.944573 1.155000 6.944573 8.020982
6.908214 1.155000 6.908214 7.978987
6.872234 1.155000 6.872234 7.937430
6.836627 1.155000 6.836627 7.896304
6.801386 1.155000 6.801386 7.855601
6.766507 1.155000 6.766507 7.815316
6.731984 1.155000 6.731984 7.775442
6.697812 1.155000 6.697812 7.735973
6.663984 1.155000 6.663984 7.696902
6.630497 1.155000 6.630497 7.658224
6.597345 1.155000 6.597345 7.619933
8.796459 1.160000 8.796459 10.203893
8.738205 1.160000 8.738205 10.136317
8.680717 1.160000 8.680717 10.069631
8.623980 1.160000 8.623980 10.003817
8.567980 1.160000 8.567980 9.938857
8.512703 1.160000 8.512703 9.874735
8.458134 1.160000 8.458134 9.811436
8.404261 1.160000 8.404261 9.748942
8.351069 1.160000 8.351069 9.687240
8.298547 1.160000 8.298547 9.626314
8.246681 1.160000 8.246681 9.566150
8.195459 1.160000 8.195459 9.506733
8.144870 1.160000 8.144870 9.448049
8.094901 1.160000 8.094901 9.390086
8.045542 1.160000 8.045542 9.332829
7.996781 1.160000 7.996781 9.276266
7.948608 1.160000 7.948608 9.220385
7.901011 1.160000 7.901011 9.165173
7.853982 1.160000 7.853982 9.110619
7.807508 1.160000 7.807508 9.056710
7.761582 1.160000 7.761582 9.003435
7.716192 1.160000 7.716192 8.950783
7.671331 1.160000 7.671331 8.898744
7.626988 1.160000 7.626988 8.847306
7.583155 1.160000 7.583155 8.796459
7.539822 1.160000 7.539822 8.746194
7.496982 1.160000 7.496982 8.696500
7.454627 1.160000 7.454627 8.647367
7.412747 1.160000 7.412747 8.598786
7.371335 1.160000 7.371335 8.550748
7.330383 1.160000 7.330383 8.503244
7.289884 1.160000 7.289884 8.456265
7.249829 1.160000 7.249829 8.409802
7.210213 1.160000 7.210213 8.363847
7.171027 1.160000 7.171027 8.318391
7.132264 1.160000 7.132264 8.273427
7.093919 1.160000 7.093919 8.228946
7.055984 1.160000 7.055984 8.184941
7.018452 1.160000 7.018452 8.141404
6.981317 1.160000 6.981317 8.098328
6.944573 1.160000 6.944573 8.055705
6.908214 1.160000 6.908214 8.013528
6.872234 1.160000 6.872234 7.971791
6.836627 1.160000 6.836627 7.930487
6.801386 1.160000 6.801386 7.889608
6.766507 1.160000 6.766507 7.849148
6.731984 1.160000 6.731984 7.809102
6.697812 1.160000 6.697812 7.769462
6.663984 1.160000 6.663984 7.730222
6.630497 1.160000 6.630497 7.691377
6.597345 1.160000 6.597345 7.652920
8.796459 1.165000 8.796459 10.247875
8.738205 1.165000 8.738205 10.180009
8.680717 1.165000 8.680717 10.113035
8.623980 1.165000 8.623980 10.046937
8.567980 1.165000 8.567980 9.981697
8.512703 1.165000 8.512703 9.917299
8.458134 1.165000 8.458134 9.853726
8.404261 1.165000 8.404261 9.790964
8.351069 1.165000 8.351069 9.728995
8.298547 1.165000 8.298547 9.667807
8.246681 1.165000 8.246681 9.607383
8.195459 1.165000 8.195459 9.547710
8.144870 1.165000 8.144870 9.488773
8.094901 1.165000 8.094901 9.430560
8.045542 1.165000 8.045542 9.373057
7.996781 1.165000 7.996781 9.316250
7.948608 1.165000 7.948608 9.260128
7.901011 1.165000 7.901011 9.204678
7.853982 1.165000 7.853982 9.149889
7.807508 1.165000 7.807508 9.095747
7.761582 1.165000 7.761582 9.042243
7.716192 1.165000 7.716192 8.989364
7.671331 1.165000 7.671331 8.937100
7.626988 1.165000 7.626988 8.885441
7.583155 1.165000 7.583155 8.834375
7.539822 1.165000 7.539822 8.783893
7.496982 1.165000 7.496982 8.733985
7.454627 1.165000 7.454627 8.684640
7.412747 1.165000 7.412747 8.635850
7.371335 1.165000 7.371335 8.587605
7.330383 1.165000 7.330383 8.539896
7.289884 1.165000 7.289884 8.492714
7.249829 1.165000 7.249829 8.446051
7.210213 1.165000 7.210213 8.399898
7.171027 1.165000 7.171027 8.354246
7.132264 1.165000 7.132264 8.309088
7.093919 1.165000 7.093919 8.264416
7.055984 1.165000 7.055984 8.220221
7.018452 1.165000 7.018452 8.176496
6.981317 1.165000 6.981317 8.133234
6.944573 1.165000 6.944573 8.090428
6.908214 1.165000 6.908214 8.048070
6.872234 1.165000 6.872234 8.006153
6.836627 1.165000 6.836627 7.964670
6.801386 1.165000 6.801386 7.923615
6.766507 1.165000 6.766507 7.882981
6.731984 1.165000 6.731984 7.842762
6.697812 1.165000 6.697812 7.802951
6.663984 1.165000 6.663984 7.763542
6.630497 1.165000 6.630497 7.724529
6.597345 1.165000 6.597345 7.685906
8.796459 1.170000 8.796459 10.291858
8.738205 1.170000 8.738205 10.223700
8.680717 1.170000 8.680717 10.156438
8.623980 1.170000 8.623980 10.090056
8.567980 1.170000 8.567980 10.024537
8.512703 1.170000 8.512703 9.959862
8.458134 1.170000 8.458134 9.896017
8.404261 1.170000 8.404261 9.832985
8.351069 1.170000 8.351069 9.770751
8.298547 1.170000 8.298547 9.709300
8.246681 1.170000 8.246681 9.648616
8.195459 1.170000 8.195459 9.588687
8.144870 1.170000 8.144870 9.529498
8.094901 1.170000 8.094901 9.471035
8.045542 1.170000 8.045542 9.413284
7.996781 1.170000 7.996781 9.356234
7.948608 1.170000 7.948608 9.299871
7.901011 1.170000 7.901011 9.244183
7.853982 1.170000 7.853982 9.189159
7.807508 1.170000 7.807508 9.134785
7.761582 1.170000 7.761582 9.081051
7.716192 1.170000 7.716192 9.027945
7.671331 1.170000 7.671331 8.975457
7.626988 1.170000 7.626988 8.923576
7.583155 1.170000 7.583155 8.872291
7.539822 1.170000 7.539822 8.821592
7.496982 1.170000 7.496982 8.771469
7.454627 1.170000 7.454627 8.721913
7.412747 1.170000 7.412747 8.672914
7.371335 1.170000 7.371335 8.624462
7.330383 1.170000 7.330383 8.576548
7.289884 1.170000 7.289884 8.529164
7.249829 1.170000 7.249829 8.482300
7.210213 1.170000 7.210213 8.435949
7.171027 1.170000 7.171027 8.390101
7.132264 1.170000 7.132264 8.344749
7.093919 1.170000 7.093919 8.299885
7.055984 1.170000 7.055984 8.255501
7.018452 1.170000 7.018452 8.211588
6.981317 1.170000 6.981317 8.168141
6.944573 1.170000 6.944573 8.125151
6.908214 1.170000 6.908214 8.082611
6.872234 1.170000 6.872234 8.040514
6.836627 1.170000 6.836627 7.998853
6.801386 1.170000 6.801386 7.957622
6.766507 1.170000 6.766507 7.916813
6.731984 1.170000 6.731984 7.876422
6.697812 1.170000 6.697812 7.836440
6.663984 1.170000 6.663984 7.796862
6.630497 1.170000 6.630497 7.757682
6.597345 1.170000 6.597345 7.718893
8.796459 1.175000 8.796459 10.335840
8.738205 1.175000 8.738205 10.267391
8.680717 1.175000 8.680717 10.199842
8.623980 1.175000 8.623980 10.133176
8.567980 1.175000 8.567980 10.067376
8.512703 1.175000 8.512703 10.002426
8.458134 1.175000 8.458134 9.938308
8.404261 1.175000 8.404261 9.875006
8.351069 1.175000 8.351069 9.812506
8.298547 1.175000 8.298547 9.750792
8.246681 1.175000 8.246681 9.689850
8.195459 1.175000 8.195459 9.629664
8.144870 1.175000 8.144870 9.570222
8.094901 1.175000 8.094901 9.511509
8.045542 1.175000 8.045542 9.453512
7.996781 1.175000 7.996781 9.396218
7.948608 1.175000 7.948608 9.339614
7.901011 1.175000 7.901011 9.283688
7.853982 1.175000 7.853982 9.228428
7.807508 1.175000 7.807508 9.173822
7.761582 1.175000 7.761582 9.119859
7.716192 1.175000 7.716192 9.066526
7.671331 1.175000 7.671331 9.013814
7.626988 1.175000 7.626988 8.961711
7.583155 1.175000 7.583155 8.910207
7.539822 1.175000 7.539822 8.859291
7.496982 1.175000 7.496982 8.808954
7.454627 1.175000 7.454627 8.759186
7.412747 1.175000 7.412747 8.709977
7.371335 1.175000 7.371335 8.661318
7.330383 1.175000 7.330383 8.613200
7.289884 1.175000 7.289884 8.565613
7.249829 1.175000 7.249829 8.518549
7.210213 1.175000 7.210213 8.472000
7.171027 1.175000 7.171027 8.425956
7.132264 1.175000 7.132264 8.380411
7.093919 1.175000 7.093919 8.335355
7.055984 1.175000 7.055984 8.290781
7.018452 1.175000 7.018452 8.246681
6.981317 1.175000 6.981317 8.203047
6.944573 1.175000 6.944573 8.159874
6.908214 1.175000 6.908214 8.117152
6.872234 1.175000 6.872234 8.074875
6.836627 1.175000 6.836627 8.033036
6.801386 1.175000 6.801386 7.991629
6.766507 1.175000 6.766507 7.950646
6.731984 1.175000 6.731984 7.910082
6.697812 1.175000 6.697812 7.869929
6.663984 1.175000 6.663984 7.830182
6.630497 1.175000 6.630497 7.790834
6.597345 1.175000 6.597345 7.751880
8.796459 1.180000 8.796459 10.379822
8.738205 1.180000 8.738205 10.311082
8.680717 1.180000 8.680717 10.243246
8.623980 1.180000 8.623980 10.176296
8.567980 1.180000 8.567980 10.110216
8.512703 1.180000 8.512703 10.044989
8.458134 1.180000 8.458134 9.980598
8.404261 1.180000 8.404261 9.917028
8.351069 1.180000 8.351069 9.854262
8.298547 1.180000 8.298547 9.792285
8.246681 1.180000 8.246681 9.731083
8.195459 1.180000 8.195459 9.670642
8.144870 1.180000 8.144870 9.610946
8.094901 1.180000 8.094901 9.551984
8.045542 1.180000 8.045542 9.493740
7.996781 1.180000 7.996781 9.436202
7.948608 1.180000 7.948608 9.379357
7.901011 1.180000 7.901011 9.323194
7.853982 1.180000 7.853982 9.267698
7.807508 1.180000 7.807508 9.212860
7.761582 1.180000 7.761582 9.158667
7.716192 1.180000 7.716192 9.105107
7.671331 1.180000 7.671331 9.052170
7.626988 1.180000 7.626988 8.999846
7.583155 1.180000 7.583155 8.948123
7.539822 1.180000 7.539822 8.896990
7.496982 1.180000 7.496982 8.846439
7.454627 1.180000 7.454627 8.796459
7.412747 1.180000 7.412747 8.747041
7.371335 1.180000 7.371335 8.698175
7.330383 1.180000 7.330383 8.649852
7.289884 1.180000 7.289884 8.602063
7.249829 1.180000 7.249829 8.554798
7.210213 1.180000 7.210213 8.508051
7.171027 1.180000 7.171027 8.461812
7.132264 1.180000 7.132264 8.416072
7.093919 1.180000 7.093919 8.370824
7.055984 1.180000 7.055984 8.326061
7.018452 1.180000 7.018452 8.281773
6.981317 1.180000 6.981317 8.237954
6.944573 1.180000 6.944573 8.194596
6.908214 1.180000 6.908214 8.151693
6.872234 1.180000 6.872234 8.109236
6.836627 1.180000 6.836627 8.067219
6.801386 1.180000 6.801386 8.025636
6.766507 1.180000 6.766507 7.984479
6.731984 1.180000 6.731984 7.943741
6.697812 1.180000 6.697812 7.903418
6.663984 1.180000 6.663984 7.863502
6.630497 1.180000 6.630497 7.823987
6.597345 1.180000 6.597345 7.784867
8.796459 1.185000 8.796459 10.423804
8.738205 1.185000 8.738205 10.354773
8.680717 1.185000 8.680717 10.286649
8.623980 1.185000 8.623980 10.219416
8.567980 1.185000 8.567980 10.153056
8.512703 1.185000 8.512703 10.087553
8.458134 1.185000 8.458134 10.022889
8.404261 1.185000 8.404261 9.959049
8.351069 1.185000 8.351069 9.896017
8.298547 1.185000 8.298547 9.833778
8.246681 1.185000 8.246681 9.772317
8.195459 1.185000 8.195459 9.711619
8.144870 1.185000 8.144870 9.651671
8.094901 1.185000 8.094901 9.592458
8.045542 1.185000 8.045542 9.533967
7.996781 1.185000 7.996781 9.476186
7.948608 1.185000 7.948608 9.419100
7.901011 1.185000 7.901011 9.362699
7.853982 1.185000 7.853982 9.306968
7.807508 1.185000 7.807508 9.251897
7.761582 1.185000 7.761582 9.197474
7.716192 1.185000 7.716192 9.143688
7.671331 1.185000 7.671331 9.090527
7.626988 1.185000 7.626988 9.037981
7.583155 1.185000 7.583155 8.986038
7.539822 1.185000 7.539822 8.934690
7.496982 1.185000 7.496982 8.883924
7.454627 1.185000 7.454627 8.833733
7.412747 1.185000 7.412747 8.784105
7.371335 1.185000 7.371335 8.735032
7.330383 1.185000 7.330383 8.686504
7.289884 1.185000 7.289884 8.638512
7.249829 1.185000 7.249829 8.591048
7.210213 1.185000 7.210213 8.544102
7.171027 1.185000 7.171027 8.497667
7.132264 1.185000 7.132264 8.451733
7.093919 1.185000 7.093919 8.406294
7.055984 1.185000 7.055984 8.361340
7.018452 1.185000 7.018452 8.316865
6.981317 1.185000 6.981317 8.272861
6.944573 1.185000 6.944573 8.229319
6.908214 1.185000 6.908214 8.186234
6.872234 1.185000 6.872234 8.143597
6.836627 1.185000 6.836627 8.101402
6.801386 1.185000 6.801386 8.059643
6.766507 1.185000 6.766507 8.018311
6.731984 1.185000 6.731984 7.977401
6.697812 1.185000 6.697812 7.936907
6.663984 1.185000 6.663984 7.896822
6.630497 1.185000 6.630497 7.857139
6.597345 1.185000 6.597345 7.817853
8.796459 1.190000 8.796459 10.467787
8.738205 1.190000 8.738205 10.398464
8.680717 1.190000 8.680717 10.330053
8.623980 1.190000 8.623980 10.262536
8.567980 1.190000 8.567980 10.195896
8.512703 1.190000 8.512703 10.130116
8.458134 1.190000 8.458134 10.065180
8.404261 1.190000 8.404261 10.001070
8.351069 1.190000 8.351069 9.937772
8.298547 1.190000 8.298547 9.875270
8.246681 1.190000 8.246681 9.813550
8.195459 1.190000 8.195459 9.752596
8.144870 1.190000 8.144870 9.692395
8.094901 1.190000 8.094901 9.632933
8.045542 1.190000 8.045542 9.574195
7.996781 1.190000 7.996781 9.516170
7.948608 1.190000 7.948608 9.458843
7.901011 1.190000 7.901011 9.402204
7.853982 1.190000 7.853982 9.346238
7.807508 1.190000 7.807508 9.290935
7.761582 1.190000 7.761582 9.236282
7.716192 1.190000 7.716192 9.182269
7.671331 1.190000 7.671331 9.128884
7.626988 1.190000 7.626988 9.076116
7.583155 1.190000 7.583155 9.023954
7.539822 1.190000 7.539822 8.972389
7.496982 1.190000 7.496982 8.921409
7.454627 1.190000 7.454627 8.871006
7.412747 1.190000 7.412747 8.821169
7.371335 1.190000 7.371335 8.771888
7.330383 1.190000 7.330383 8.723156
7.289884 1.190000 7.289884 8.674961
7.249829 1.190000 7.249829 8.627297
7.210213 1.190000 7.210213 8.580153
7.171027 1.190000 7.171027 8.533522
7.132264 1.190000 7.132264 8.487395
7.093919 1.190000 7.093919 8.441763
7.055984 1.190000 7.055984 8.396620
7.018452 1.190000 7.018452 8.351957
6.981317 1.190000 6.981317 8.307767
6.944573 1.190000 6.944573 8.264042
6.908214 1.190000 6.908214 8.220775
6.872234 1.190000 6.872234 8.177958
6.836627 1.190000 6.836627 8.135586
6.801386 1.190000 6.801386 8.093650
6.766507 1.190000 6.766507 8.052144
6.731984 1.190000 6.731984 8.011061
6.697812 1.190000 6.697812 7.970396
6.663984 1.190000 6.663984 7.930141
6.630497 1.190000 6.630497 7.890291
6.597345 1.190000 6.597345 7.850840
8.796459 1.195000 8.796459 10.511769
8.738205 1.195000 8.738205 10.442155
8.680717 1.195000 8.680717 10.373456
8.623980 1.195000 8.623980 10.305656
8.567980 1.195000 8.567980 10.238736
8.512703 1.195000 8.512703 10.172680
8.458134 1.195000 8.458134 10.107470
8.404261 1.195000 8.404261 10.043091
8.351069 1.195000 8.351069 9.979528
8.298547 1.195000 8.298547 9.916763
8.246681 1.195000 8.246681 9.854783
8.195459 1.195000 8.195459 9.793574
8.144870 1.195000 8.144870 9.733119
8.094901 1.195000 8.094901 9.673407
8.045542 1.195000 8.045542 9.614423
7.996781 1.195000 7.996781 9.556154
7.948608 1.195000 7.948608 9.498586
7.901011 1.195000 7.901011 9.441709
7.853982 1.195000 7.853982 9.385508
7.807508 1.195000 7.807508 9.329973
7.761582 1.195000 7.761582 9.275090
7.716192 1.195000 7.716192 9.220850
7.671331 1.195000 7.671331 9.167240
7.626988 1.195000 7.626988 9.114251
7.583155 1.195000 7.583155 9.061870
7.539822 1.195000 7.539822 9.010088
7.496982 1.195000 7.496982 8.958894
7.454627 1.195000 7.454627 8.908279
7.412747 1.195000 7.412747 8.858232
7.371335 1.195000 7.371335 8.808745
7.330383 1.195000 7.330383 8.759808
7.289884 1.195000 7.289884 8.711411
7.249829 1.195000 7.249829 8.663546
7.210213 1.195000 7.210213 8.616204
7.171027 1.195000 7.171027 8.569377
7.132264 1.195000 7.132264 8.523056
7.093919 1.195000 7.093919 8.477233
7.055984 1.195000 7.055984 8.431900
7.018452 1.195000 7.018452 8.387050
6.981317 1.195000 6.981317 8.342674
6.944573 1.195000 6.944573 8.298765
6.908214 1.195000 6.908214 8.255316
6.872234 1.195000 6.872234 8.212320
6.836627 1.195000 6.836627 8.169769
6.801386 1.195000 6.801386 8.127656
6.766507 1.195000 6.766507 8.085976
6.731984 1.195000 6.731984 8.044721
6.697812 1.195000 6.697812 8.003885
6.663984 1.195000 6.663984 7.963461
6.630497 1.195000 6.630497 7.923444
6.597345 1.195000 6.597345 7.883827
8.796459 1.200000 8.796459 10.555751
8.738205 1.200000 8.738205 10.485846
8.680717 1.200000 8.680717 10.416860
8.623980 1.200000 8.623980 10.348776
8.567980 1.200000 8.567980 10.281576
8.512703 1.200000 8.512703 10.215243
8.458134 1.200000 8.458134 10.149761
8.404261 1.200000 8.404261 10.085113
8.351069 1.200000 8.351069 10.021283
8.298547 1.200000 8.298547 9.958256
8.246681 1.200000 8.246681 9.896017
8.195459 1.200000 8.195459 9.834551
8.144870 1.200000 8.144870 9.773844
8.094901 1.200000 8.094901 9.713882
8.045542 1.200000 8.045542 9.654651
7.996781 1.200000 7.996781 9.596138
7.948608 1.200000 7.948608 9.538330
7.901011 1.200000 7.901011 9.481214
7.853982 1.200000 7.853982 9.424778
7.807508 1.200000 7.807508 9.369010
7.761582 1.200000 7.761582 9.313898
7.716192 1.200000 7.716192 9.259431
7.671331 1.200000 7.671331 9.205597
7.626988 1.200000 7.626988 9.152386
7.583155 1.200000 7.583155 9.099786
7.539822 1.200000 7.539822 9.047787
7.496982 1.200000 7.496982 8.996379
7.454627 1.200000 7.454627 8.945552
7.412747 1.200000 7.412747 8.895296
7.371335 1.200000 7.371335 8.845602
7.330383 1.200000 7.330383 8.796459
7.289884 1.200000 7.289884 8.747860
7.249829 1.200000 7.249829 8.699795
7.210213 1.200000 7.210213 8.652255
7.171027 1.200000 7.171027 8.605232
7.132264 1.200000 7.132264 8.558717
7.093919 1.200000 7.093919 8.512703
7.055984 1.200000 7.055984 8.467180
7.018452 1.200000 7.018452 8.422142
6.981317 1.200000 6.981317 8.377580
6.944573 1.200000 6.944573 8.333488
6.908214 1.200000 6.908214 8.289857
6.872234 1.200000 6.872234 8.246681
6.836627 1.200000 6.836627 8.203952
6.801386 1.200000 6.801386 8.161663
6.766507 1.200000 6.766507 8.119809
6.731984 1.200000 6.731984 8.078381
6.697812 1.200000 6.697812 8.037374
6.663984 1.200000 6.663984 7.996781
6.630497 1.200000 6.630497 7.956596
6.597345 1.200000 6.597345 7.916813
8.796459 1.205000 8.796459 10.599734
8.738205 1.205000 8.738205 10.529537
8.680717 1.205000 8.680717 10.460263
8.623980 1.205000 8.623980 10.391896
8.567980 1.205000 8.567980 10.324416
8.512703 1.205000 8.512703 10.257807
8.458134 1.205000 8.458134 10.192052
8.404261 1.205000 8.404261 10.127134
8.351069 1.205000 8.351069 10.063038
8.298547 1.205000 8.298547 9.999749
8.246681 1.205000 8.246681 9.937250
8.195459 1.205000 8.195459 9.875528
8.144870 1.205000 8.144870 9.814568
8.094901 1.205000 8.094901 9.754356
8.045542 1.205000 8.045542 9.694878
7.996781 1.205000 7.996781 9.636121
7.948608 1.205000 7.948608 9.578073
7.901011 1.205000 7.901011 9.520719
7.853982 1.205000 7.853982 9.464048
7.807508 1.205000 7.807508 9.408048
7.761582 1.205000 7.761582 9.352706
7.716192 1.205000 7.716192 9.298012
7.671331 1.205000 7.671331 9.243954
7.626988 1.205000 7.626988 9.190520
7.583155 1.205000 7.583155 9.137701
7.539822 1.205000 7.539822 9.085486
7.496982 1.205000 7.496982 9.033864
7.454627 1.205000 7.454627 8.982825
7.412747 1.205000 7.412747 8.932360
7.371335 1.205000 7.371335 8.882458
7.330383 1.205000 7.330383 8.833111
7.289884 1.205000 7.289884 8.784310
7.249829 1.205000 7.249829 8.736044
7.210213 1.205000 7.210213 8.688306
7.171027 1.205000 7.171027 8.641087
7.132264 1.205000 7.132264 8.594379
7.093919 1.205000 7.093919 8.548172
7.055984 1.205000 7.055984 8.502460
7.018452 1.205000 7.018452 8.457234
6.981317 1.205000 6.981317 8.412487
6.944573 1.205000 6.944573 8.368211
6.908214 1.205000 6.908214 8.324398
6.872234 1.205000 6.872234 8.281042
6.836627 1.205000 6.836627 8.238135
6.801386 1.205000 6.801386 8.195670
6.766507 1.205000 6.766507 8.153641
6.731984 1.205000 6.731984 8.112041
6.697812 1.205000 6.697812 8.070863
6.663984 1.205000 6.663984 8.030101
6.630497 1.205000 6.630497 7.989749
6.597345 1.205000 6.597345 7.949800
8.796459 1.210000 8.796459 10.643716
8.738205 1.210000 8.738205 10.573228
8.680717 1.210000 8.680717 10.503667
8.623980 1.210000 8.623980 10.435016
8.567980 1.210000 8.567980 10.367256
8.512703 1.210000 8.512703 10.300370
8.458134 1.210000 8.458134 10.234342
8.404261 1.210000 8.404261 10.169155
8.351069 1.210000 8.351069 10.104794
8.298547 1.210000 8.298547 10.041241
8.246681 1.210000 8.246681 9.978484
8.195459 1.210000 8.195459 9.916506
8.144870 1.210000 8.144870 9.855293
8.094901 1.210000 8.094901 9.794831
8.045542 1.210000 8.045542 9.735106
7.996781 1.210000 7.996781 9.676105
7.948608 1.210000 7.948608 9.617816
7.901011 1.210000 7.901011 9.560224
7.853982 1.210000 7.853982 9.503318
7.807508 1.210000 7.807508 9.447085
7.761582 1.210000 7.761582 9.391514
7.716192 1.210000 7.716192 9.336593
7.671331 1.210000 7.671331 9.282310
7.626988 1.210000 7.626988 9.228655
7.583155 1.210000 7.583155 9.175617
7.539822 1.210000 7.539822 9.123185
7.496982 1.210000 7.496982 9.071349
7.454627 1.210000 7.454627 9.020098
7.412747 1.210000 7.412747 8.969424
7.371335 1.210000 7.371335 8.919315
7.330383 1.210000 7.330383 8.869763
7.289884 1.210000 7.289884 8.820759
7.249829 1.210000 7.249829 8.772293
7.210213 1.210000 7.210213 8.724357
7.171027 1.210000 7.171027 8.676942
7.132264 1.210000 7.132264 8.630040
7.093919 1.210000 7.093919 8.583642
7.055984 1.210000 7.055984 8.537740
7.018452 1.210000 7.018452 8.492327
6.981317 1.210000 6.981317 8.447394
6.944573 1.210000 6.944573 8.402934
6.908214 1.210000 6.908214 8.358939
6.872234 1.210000 6.872234 8.315403
6.836627 1.210000 6.836627 8.272318
6.801386 1.210000 6.801386 8.229677
6.766507 1.210000 6.766507 8.187474
6.731984 1.210000 6.731984 8.145701
6.697812 1.210000 6.697812 8.104352
6.663984 1.210000 6.663984 8.063421
6.630497 1.210000 6.630497 8.022901
6.597345 1.210000 6.597345 7.982787
8.796459 1.215000 8.796459 10.687698
8.738205 1.215000 8.738205 10.616919
8.680717 1.215000 8.680717 10.547071
8.623980 1.215000 8.623980 10.478135
8.567980 1.215000 8.567980 10.410096
8.512703 1.215000 8.512703 10.342934
8.458134 1.215000 8.458134 10.276633
8.404261 1.215000 8.404261 10.211177
8.351069 1.215000 8.351069 10.146549
8.298547 1.215000 8.298547 10.082734
8.246681 1.215000 8.246681 10.019717
8.195459 1.215000 8.195459 9.957483
8.144870 1.215000 8.144870 9.896017
8.094901 1.215000 8.094901 9.835305
8.045542 1.215000 8.045542 9.775334
7.996781 1.215000 7.996781 9.716089
7.948608 1.215000 7.948608 9.657559
7.901011 1.215000 7.901011 9.599729
7.853982 1.215000 7.853982 9.542588
7.807508 1.215000 7.807508 9.486123
7.761582 1.215000 7.761582 9.430322
7.716192 1.215000 7.716192 9.375174
7.671331 1.215000 7.671331 9.320667
7.626988 1.215000 7.626988 9.266790
7.583155 1.215000 7.583155 9.213533
7.539822 1.215000 7.539822 9.160884
7.496982 1.215000 7.496982 9.108834
7.454627 1.215000 7.454627 9.057371
7.412747 1.215000 7.412747 9.006487
7.371335 1.215000 7.371335 8.956172
7.330383 1.215000 7.330383 8.906415
7.289884 1.215000 7.289884 8.857208
7.249829 1.215000 7.249829 8.808542
7.210213 1.215000 7.210213 8.760408
7.171027 1.215000 7.171027 8.712797
7.132264 1.215000 7.132264 8.665701
7.093919 1.215000 7.093919 8.619111
7.055984 1.215000 7.055984 8.573020
7.018452 1.215000 7.018452 8.527419
6.981317 1.215000 6.981317 8.482300
6.944573 1.215000 6.944573 8.437656
6.908214 1.215000 6.908214 8.393480
6.872234 1.215000 6.872234 8.349764
6.836627 1.215000 6.836627 8.306501
6.801386 1.215000 6.801386 8.263684
6.766507 1.215000 6.766507 8.221306
6.731984 1.215000 6.731984 8.179361
6.697812 1.215000 6.697812 8.137841
6.663984 1.215000 6.663984 8.096741
6.630497 1.215000 6.630497 8.056054
6.597345 1.215000 6.597345 8.015774
8.796459 1.220000 8.796459 10.731681
8.738205 1.220000 8.738205 10.660610
8.680717 1.220000 8.680717 10.590474
8.623980 1.220000 8.623980 10.521255
8.567980 1.220000 8.567980 10.452936
8.512703 1.220000 8.512703 10.385497
8.458134 1.220000 8.458134 10.318924
8.404261 1.220000 8.404261 10.253198
8.351069 1.220000 8.351069 10.188304
8.298547 1.220000 8.298547 10.124227
8.246681 1.220000 8.246681 10.060950
8.195459 1.220000 8.195459 9.998460
8.144870 1.220000 8.144870 9.936741
8.094901 1.220000 8.094901 9.875780
8.045542 1.220000 8.045542 9.815561
7.996781 1.220000 7.996781 9.756073
7.948608 1.220000 7.948608 9.697302
7.901011 1.220000 7.901011 9.639234
7.853982 1.220000 7.853982 9.581858
7.807508 1.220000 7.807508 9.525160
7.761582 1.220000 7.761582 9.469130
7.716192 1.220000 7.716192 9.413755
7.671331 1.220000 7.671331 9.359024
7.626988 1.220000 7.626988 9.304925
7.583155 1.220000 7.583155 9.251449
7.539822 1.220000 7.539822 9.198583
7.496982 1.220000 7.496982 9.146319
7.454627 1.220000 7.454627 9.094644
7.412747 1.220000 7.412747 9.043551
7.371335 1.220000 7.371335 8.993028
7.330383 1.220000 7.330383 8.943067
7.289884 1.220000 7.289884 8.893658
7.249829 1.220000 7.249829 8.844792
7.210213 1.220000 7.210213 8.796459
7.171027 1.220000 7.171027 8.748653
7.132264 1.220000 7.132264 8.701363
7.093919 1.220000 7.093919 8.654581
7.055984 1.220000 7.055984 8.608300
7.018452 1.220000 7.018452 8.562511
6.981317 1.220000 6.981317 8.517207
6.944573 1.220000 6.944573 8.472379
6.908214 1.220000 6.908214 8.428021
6.872234 1.220000 6.872234 8.384125
6.836627 1.220000 6.836627 8.340684
6.801386 1.220000 6.801386 8.297691
6.766507 1.220000 6.766507 8.255139
6.731984 1.220000 6.731984 8.213021
6.697812 1.220000 6.697812 8.171330
6.663984 1.220000 6.663984 8.130061
6.630497 1.220000 6.630497 8.089206
6.597345 1.220000 6.597345 8.048760
8.796459 1.225000 8.796459 10.775663
8.738205 1.225000 8.738205 10.704301
8.680717 1.225000 8.680717 10.633878
8.623980 1.225000 8.623980 10.564375
8.567980 1.225000 8.567980 10.495775
8.512703 1.225000 8.512703 10.428061
8.458134 1.225000 8.458134 10.361214
8.404261 1.225000 8.404261 10.295219
8.351069 1.225000 8.351069 10.230060
8.298547 1.225000 8.298547 10.165720
8.246681 1.225000 8.246681 10.102184
8.195459 1.225000 8.195459 10.039437
8.144870 1.225000 8.144870 9.977466
8.094901 1.225000 8.094901 9.916254
8.045542 1.225000 8.045542 9.855789
7.996781 1.225000 7.996781 9.796057
7.948608 1.225000 7.948608 9.737045
7.901011 1.225000 7.901011 9.678739
7.853982 1.225000 7.853982 9.621128
7.807508 1.225000 7.807508 9.564198
7.761582 1.225000 7.761582 9.507938
7.716192 1.225000 7.716192 9.452336
7.671331 1.225000 7.671331 9.397380
7.626988 1.225000 7.626988 9.343060
7.583155 1.225000 7.583155 9.289364
7.539822 1.225000 7.539822 9.236282
7.496982 1.225000 7.496982 9.183804
7.454627 1.225000 7.454627 9.131918
7.412747 1.225000 7.412747 9.080615
7.371335 1.225000 7.371335 9.029885
7.330383 1.225000 7.330383 8.979719
7.289884 1.225000 7.289884 8.930107
7.249829 1.225000 7.249829 8.881041
7.210213 1.225000 7.210213 8.832510
7.171027 1.225000 7.171027 8.784508
7.132264 1.225000 7.132264 8.737024
7.093919 1.225000 7.093919 8.690051
7.055984 1.225000 7.055984 8.643580
7.018452 1.225000 7.018452 8.597603
6.981317 1.225000 6.981317 8.552113
6.944573 1.225000 6.944573 8.507102
6.908214 1.225000 6.908214 8.462562
6.872234 1.225000 6.872234 8.418487
6.836627 1.225000 6.836627 8.374867
6.801386 1.225000 6.801386 8.331698
6.766507 1.225000 6.766507 8.288971
6.731984 1.225000 6.731984 8.246681
6.697812 1.225000 6.697812 8.204819
6.663984 1.225000 6.663984 8.163381
6.630497 1.225000 6.630497 8.122359
6.597345 1.225000 6.597345 8.081747
8.796459 1.230000 8.796459 10.819645
8.738205 1.230000 8.738205 10.747992
8.680717 1.230000 8.680717 10.677281
8.623980 1.230000 8.623980 10.607495
8.567980 1.230000 8.567980 10.538615
8.512703 1.230000 8.512703 10.470624
8.458134 1.230000 8.458134 10.403505
8.404261 1.230000 8.404261 10.337241
8.351069 1.230000 8.351069 10.271815
8.298547 1.230000 8.298547 10.207212
8.246681 1.230000 8.246681 10.143417
8.195459 1.230000 8.195459 10.080415
8.144870 1.230000 8.144870 10.018190
8.094901 1.230000 8.094901 9.956729
8.045542 1.230000 8.045542 9.896017
7.996781 1.230000 7.996781 9.836041
7.948608 1.230000 7.948608 9.776788
7.901011 1.230000 7.901011 9.718244
7.853982 1.230000 7.853982 9.660397
7.807508 1.230000 7.807508 9.603235
7.761582 1.230000 7.761582 9.546746
7.716192 1.230000 7.716192 9.490917
7.671331 1.230000 7.671331 9.435737
7.626988 1.230000 7.626988 9.381195
7.583155 1.230000 7.583155 9.327280
7.539822 1.230000 7.539822 9.273982
7.496982 1.230000 7.496982 9.221288
7.454627 1.230000 7.454627 9.169191
7.412747 1.230000 7.412747 9.117678
7.371335 1.230000 7.371335 9.066742
7.330383 1.230000 7.330383 9.016371
7.289884 1.230000 7.289884 8.966557
7.249829 1.230000 7.249829 8.917290
7.210213 1.230000 7.210213 8.868562
7.171027 1.230000 7.171027 8.820363
7.132264 1.230000 7.132264 8.772685
7.093919 1.230000 7.093919 8.725520
7.055984 1.230000 7.055984 8.678860
7.018452 1.230000 7.018452 8.632696
6.981317 1.230000 6.981317 8.587020
6.944573 1.230000 6.944573 8.541825
6.908214 1.230000 6.908214 8.497103
6.872234 1.230000 6.872234 8.452848
6.836627 1.230000 6.836627 8.409051
6.801386 1.230000 6.801386 8.365705
6.766507 1.230000 6.766507 8.322804
6.731984 1.230000 6.731984 8.280341
6.697812 1.230000 6.697812 8.238308
6.663984 1.230000 6.663984 8.196701
6.630497 1.230000 6.630497 8.155511
6.597345 1.230000 6.597345 8.114734
8.796459 1.235000 8.796459 10.863627
8.738205 1.235000 8.738205 10.791683
8.680717 1.235000 8.680717 10.720685
8.623980 1.235000 8.623980 10.650615
8.567980 1.235000 8.567980 10.581455
8.512703 1.235000 8.512703 10.513188
8.458134 1.235000 8.458134 10.445796
8.404261 1.235000 8.404261 10.379262
8.351069 1.235000 8.351069 10.313570
8.298547 1.235000 8.298547 10.248705
8.246681 1.235000 8.246681 10.184651
8.195459 1.235000 8.195459 10.121392
8.144870 1.235000 8.144870 10.058914
8.094901 1.235000 8.094901 9.997203
8.045542 1.235000 8.045542 9.936245
7.996781 1.235000 7.996781 9.876025
7.948608 1.235000 7.948608 9.816531
7.901011 1.235000 7.901011 9.757749
7.853982 1.235000 7.853982 9.699667
7.807508 1.235000 7.807508 9.642273
7.761582 1.235000 7.761582 9.585554
7.716192 1.235000 7.716192 9.529498
7.671331 1.235000 7.671331 9.474094
7.626988 1.235000 7.626988 9.419330
7.583155 1.235000 7.583155 9.365196
7.539822 1.235000 7.539822 9.311681
7.496982 1.235000 7.496982 9.258773
7.454627 1.235000 7.454627 9.206464
7.412747 1.235000 7.412747 9.154742
7.371335 1.235000 7.371335 9.103598
7.330383 1.235000 7.330383 9.053023
7.289884 1.235000 7.289884 9.003006
7.249829 1.235000 7.249829 8.953539
7.210213 1.235000 7.210213 8.904613
7.171027 1.235000 7.171027 8.856218
7.132264 1.235000 7.132264 8.808347
7.093919 1.235000 7.093919 8.760990
7.055984 1.235000 7.055984 8.714140
7.018452 1.235000 7.018452 8.667788
6.981317 1.235000 6.981317 8.621927
6.944573 1.235000 6.944573 8.576548
6.908214 1.235000 6.908214 8.531645
6.872234 1.235000 6.872234 8.487209
6.836627 1.235000 6.836627 8.443234
6.801386 1.235000 6.801386 8.399712
6.766507 1.235000 6.766507 8.356636
6.731984 1.235000 6.731984 8.314001
6.697812 1.235000 6.697812 8.271798
6.663984 1.235000 6.663984 8.230021
6.630497 1.235000 6.630497 8.188664
6.597345 1.235000 6.597345 8.147721
8.796459 1.240000 8.796459 10.907610
8.738205 1.240000 8.738205 10.835374
8.680717 1.240000 8.680717 10.764089
8.623980 1.240000 8.623980 10.693735
8.567980 1.240000 8.567980 10.624295
8.512703 1.240000 8.512703 10.555751
8.458134 1.240000 8.458134 10.488086
8.404261 1.240000 8.404261 10.421283
8.351069 1.240000 8.351069 10.355326
8.298547 1.240000 8.298547 10.290198
8.246681 1.240000 8.246681 10.225884
8.195459 1.240000 8.195459 10.162369
8.144870 1.240000 8.144870 10.099639
8.094901 1.240000 8.094901 10.037678
8.045542 1.240000 8.045542 9.976472
7.996781 1.240000 7.996781 9.916009
7.948608 1.240000 7.948608 9.856274
7.901011 1.240000 7.901011 9.797254
7.853982 1.240000 7.853982 9.738937
7.807508 1.240000 7.807508 9.681310
7.761582 1.240000 7.761582 9.624361
7.716192 1.240000 7.716192 9.568079
7.671331 1.240000 7.671331 9.512450
7.626988 1.240000 7.626988 9.457465
7.583155 1.240000 7.583155 9.403112
7.539822 1.240000 7.539822 9.349380
7.496982 1.240000 7.496982 9.296258
7.454627 1.240000 7.454627 9.243737
7.412747 1.240000 7.412747 9.191806
7.371335 1.240000 7.371335 9.140455
7.330383 1.240000 7.330383 9.089675
7.289884 1.240000 7.289884 9.039456
7.249829 1.240000 7.249829 8.989788
7.210213 1.240000 7.210213 8.940664
7.171027 1.240000 7.171027 8.892073
7.132264 1.240000 7.132264 8.844008
7.093919 1.240000 7.093919 8.796459
7.055984 1.240000 7.055984 8.749420
7.018452 1.240000 7.018452 8.702880
6.981317 1.240000 6.981317 8.656833
6.944573 1.240000 6.944573 8.611271
6.908214 1.240000 6.908214 8.566186
6.872234 1.240000 6.872234 8.521570
6.836627 1.240000 6.836627 8.477417
6.801386 1.240000 6.801386 8.433719
6.766507 1.240000 6.766507 8.390469
6.731984 1.240000 6.731984 8.347660
6.697812 1.240000 6.697812 8.305287
6.663984 1.240000 6.663984 8.263341
6.630497 1.240000 6.630497 8.221816
6.597345 1.240000 6.597345 8.180707
8.796459 1.245000 8.796459 10.951592
8.738205 1.245000 8.738205 10.879065
8.680717 1.245000 8.680717 10.807492
8.623980 1.245000 8.623980 10.736855
8.567980 1.245000 8.567980 10.667135
8.512703 1.245000 8.512703 10.598315
8.458134 1.245000 8.458134 10.530377
8.404261 1.245000 8.404261 10.463304
8.351069 1.245000 8.351069 10.397081
8.298547 1.245000 8.298547 10.331691
8.246681 1.245000 8.246681 10.267117
8.195459 1.245000 8.195459 10.203347
8.144870 1.245000 8.144870 10.140363
8.094901 1.245000 8.094901 10.078152
8.045542 1.245000 8.045542 10.016700
7.996781 1.245000 7.996781 9.955993
7.948608 1.245000 7.948608 9.896017
7.901011 1.245000 7.901011 9.836759
7.853982 1.245000 7.853982 9.778207
7.807508 1.245000 7.807508 9.720348
7.761582 1.245000 7.761582 9.663169
7.716192 1.245000 7.716192 9.606660
7.671331 1.245000 7.671331 9.550807
7.626988 1.245000 7.626988 9.495600
7.583155 1.245000 7.583155 9.441028
7.539822 1.245000 7.539822 9.387079
7.496982 1.245000 7.496982 9.333743
7.454627 1.245000 7.454627 9.281010
7.412747 1.245000 7.412747 9.228870
7.371335 1.245000 7.371335 9.177312
7.330383 1.245000 7.330383 9.126327
7.289884 1.245000 7.289884 9.075905
7.249829 1.245000 7.249829 9.026037
7.210213 1.245000 7.210213 8.976715
7.171027 1.245000 7.171027 8.927928
7.132264 1.245000 7.132264 8.879669
7.093919 1.245000 7.093919 8.831929
7.055984 1.245000 7.055984 8.784699
7.018452 1.245000 7.018452 8.737972
6.981317 1.245000 6.981317 8.691740
6.944573 1.245000 6.944573 8.645994
6.908214 1.245000 6.908214 8.600727
6.872234 1.245000 6.872234 8.555931
6.836627 1.245000 6.836627 8.511600
6.801386 1.245000 6.801386 8.467726
6.766507 1.245000 6.766507 8.424302
6.731984 1.245000 6.731984 8.381320
6.697812 1.245000 6.697812 8.338776
6.663984 1.245000 6.663984 8.296661
6.630497 1.245000 6.630497 8.254969
6.597345 1.245000 6.597345 8.213694
8.796459 1.250000 8.796459 10.995574
8.738205 1.250000 8.738205 10.922756
8.680717 1.250000 8.680717 10.850896
8.623980 1.250000 8.623980 10.779975
8.567980 1.250000 8.567980 10.709975
8.512703 1.250000 8.512703 10.640878
8.458134 1.250000 8.458134 10.572668
8.404261 1.250000 8.404261 10.505326
8.351069 1.250000 8.351069 10.438836
8.298547 1.250000 8.298547 10.373183
8.246681 1.250000 8.246681 10.308351
8.195459 1.250000 8.195459 10.244324
8.144870 1.250000 8.144870 10.181087
8.094901 1.250000 8.094901 10.118627
8.045542 1.250000 8.045542 10.056928
7.996781 1.250000 7.996781 9.995977
7.948608 1.250000 7.948608 9.935760
7.901011 1.250000 7.901011 9.876264
7.853982 1.250000 7.853982 9.817477
7.807508 1.250000 7.807508 9.759385
7.761582 1.250000 7.761582 9.701977
7.716192 1.250000 7.716192 9.645241
7.671331 1.250000 7.671331 9.589164
7.626988 1.250000 7.626988 9.533735
7.583155 1.250000 7.583155 9.478943
7.539822 1.250000 7.539822 9.424778
7.496982 1.250000 7.496982 9.371228
7.454627 1.250000 7.454627 9.318283
7.412747 1.250000 7.412747 9.265933
7.371335 1.250000 7.371335 9.214168
7.330383 1.250000 7.330383 9.162979
7.289884 1.250000 7.289884 9.112354
7.249829 1.250000 7.249829 9.062287
7.210213 1.250000 7.210213 9.012766
7.171027 1.250000 7.171027 8.963783
7.132264 1.250000 7.132264 8.915331
7.093919 1.250000 7.093919 8.867399
7.055984 1.250000 7.055984 8.819979
7.018452 1.250000 7.018452 8.773065
6.981317 1.250000 6.981317 8.726646
6.944573 1.250000 6.944573 8.680717
6.908214 1.250000 6.908214 8.635268
6.872234 1.250000 6.872234 8.590292
6.836627 1.250000 6.836627 8.545783
6.801386 1.250000 6.801386 8.501733
6.766507 1.250000 6.766507 8.458134
6.731984 1.250000 6.731984 8.414980
6.697812 1.250000 6.697812 8.372265
6.663984 1.250000 6.663984 8.329981
6.630497 1.250000 6.630497 8.288121
6.597345 1.250000 6.597345 8.246681
