4.000000 1.000000 0.020000 0.020000
3.921569 1.000000 0.019608 0.019608
3.846154 1.000000 0.019231 0.019231
3.773585 1.000000 0.018868 0.018868
3.703704 1.000000 0.018519 0.018519
3.636364 1.000000 0.018182 0.018182
3.571429 1.000000 0.017857 0.017857
3.508772 1.000000 0.017544 0.017544
3.448276 1.000000 0.017241 0.017241
3.389831 1.000000 0.016949 0.016949
3.333333 1.000000 0.016667 0.016667
3.278689 1.000000 0.016393 0.016393
3.225806 1.000000 0.016129 0.016129
3.174603 1.000000 0.015873 0.015873
3.125000 1.000000 0.015625 0.015625
3.076923 1.000000 0.015385 0.015385
3.030303 1.000000 0.015152 0.015152
2.985075 1.000000 0.014925 0.014925
2.941176 1.000000 0.014706 0.014706
2.898551 1.000000 0.014493 0.014493
2.857143 1.000000 0.014286 0.014286
2.816901 1.000000 0.014085 0.014085
2.777778 1.000000 0.013889 0.013889
2.739726 1.000000 0.013699 0.013699
2.702703 1.000000 0.013514 0.013514
2.666667 1.000000 0.013333 0.013333
2.631579 1.000000 0.013158 0.013158
2.597403 1.000000 0.012987 0.012987
2.564103 1.000000 0.012821 0.012821
2.531646 1.000000 0.012658 0.012658
2.500000 1.000000 0.012500 0.012500
2.469136 1.000000 0.012346 0.012346
2.439024 1.000000 0.012195 0.012195
2.409639 1.000000 0.012048 0.012048
2.380952 1.000000 0.011905 0.011905
2.352941 1.000000 0.011765 0.011765
2.325581 1.000000 0.011628 0.011628
2.298851 1.000000 0.011494 0.011494
2.272727 1.000000 0.011364 0.011364
2.247191 1.000000 0.011236 0.011236
2.222222 1.000000 0.011111 0.011111
2.197802 1.000000 0.010989 0.010989
2.173913 1.000000 0.010870 0.010870
2.150538 1.000000 0.010753 0.010753
2.127660 1.000000 0.010638 0.010638
2.105263 1.000000 0.010526 0.010526
2.083333 1.000000 0.010417 0.010417
2.061856 1.000000 0.010309 0.010309
2.040816 1.000000 0.010204 0.010204
2.020202 1.000000 0.010101 0.010101
2.000000 1.000000 0.010000 0.010000
4.000000 1.005000 0.020000 0.020100
3.921569 1.005000 0.019608 0.019706
3.846154 1.005000 0.019231 0.019327
3.773585 1.005000 0.018868 0.018962
3.703704 1.005000 0.018519 0.018611
3.636364 1.005000 0.018182 0.018273
3.571429 1.005000 0.017857 0.017946
3.508772 1.005000 0.017544 0.017632
3.448276 1.005000 0.017241 0.017328
3.389831 1.005000 0.016949 0.017034
3.333333 1.005000 0.016667 0.016750
3.278689 1.005000 0.016393 0.016475
3.225806 1.005000 0.016129 0.016210
3.174603 1.005000 0.015873 0.015952
3.125000 1.005000 0.015625 0.015703
3.076923 1.005000 0.015385 0.015462
3.030303 1.005000 0.015152 0.015227
2.985075 1.005000 0.014925 0.015000
2.941176 1.005000 0.014706 0.014779
2.898551 1.005000 0.014493 0.014565
2.857143 1.005000 0.014286 0.014357
2.816901 1.005000 0.014085 0.014155
2.777778 1.005000 0.013889 0.013958
2.739726 1.005000 0.013699 0.013767
2.702703 1.005000 0.013514 0.013581
2.666667 1.005000 0.013333 0.013400
2.631579 1.005000 0.013158 0.013224
2.597403 1.005000 0.012987 0.013052
2.564103 1.005000 0.012821 0.012885
2.531646 1.005000 0.012658 0.012722
2.500000 1.005000 0.012500 0.012562
2.469136 1.005000 0.012346 0.012407
2.439024 1.005000 0.012195 0.012256
2.409639 1.005000 0.012048 0.012108
2.380952 1.005000 0.011905 0.011964
2.352941 1.005000 0.011765 0.011824
2.325581 1.005000 0.011628 0.011686
2.298851 1.005000 0.011494 0.011552
2.272727 1.005000 0.011364 0.011420
2.247191 1.005000 0.011236 0.011292
2.222222 1.005000 0.011111 0.011167
2.197802 1.005000 0.010989 0.011044
2.173913 1.005000 0.010870 0.010924
2.150538 1.005000 0.010753 0.010806
2.127660 1.005000 0.010638 0.010691
2.105263 1.005000 0.010526 0.010579
2.083333 1.005000 0.010417 0.010469
2.061856 1.005000 0.010309 0.010361
2.040816 1.005000 0.010204 0.010255
2.020202 1.005000 0.010101 0.010152
2.000000 1.005000 0.010000 0.010050
4.000000 1.010000 0.020000 0.020200
3.921569 1.010000 0.019608 0.019804
3.846154 1.010000 0.019231 0.019423
3.773585 1.010000 0.018868 0.019057
3.703704 1.010000 0.018519 0.018704
3.636364 1.010000 0.018182 0.018364
3.571429 1.010000 0.017857 0.018036
3.508772 1.010000 0.017544 0.017719
3.448276 1.010000 0.017241 0.017414
3.389831 1.010000 0.016949 0.017119
3.333333 1.010000 0.016667 0.016833
3.278689 1.010000 0.016393 0.016557
3.225806 1.010000 0.016129 0.016290
3.174603 1.010000 0.015873 0.016032
3.125000 1.010000 0.015625 0.015781
3.076923 1.010000 0.015385 0.015538
3.030303 1.010000 0.015152 0.015303
2.985075 1.010000 0.014925 0.015075
2.941176 1.010000 0.014706 0.014853
2.898551 1.010000 0.014493 0.014638
2.857143 1.010000 0.014286 0.014429
2.816901 1.010000 0.014085 0.014225
2.777778 1.010000 0.013889 0.014028
2.739726 1.010000 0.013699 0.013836
2.702703 1.010000 0.013514 0.013649
2.666667 1.010000 0.013333 0.013467
2.631579 1.010000 0.013158 0.013289
2.597403 1.010000 0.012987 0.013117
2.564103 1.010000 0.012821 0.012949
2.531646 1.010000 0.012658 0.012785
2.500000 1.010000 0.012500 0.012625
2.469136 1.010000 0.012346 0.012469
2.439024 1.010000 0.012195 0.012317
2.409639 1.010000 0.012048 0.012169
2.380952 1.010000 0.011905 0.012024
2.352941 1.010000 0.011765 0.011882
2.325581 1.010000 0.011628 0.011744
2.298851 1.010000 0.011494 0.011609
2.272727 1.010000 0.011364 0.011477
2.247191 1.010000 0.011236 0.011348
2.222222 1.010000 0.011111 0.011222
2.197802 1.010000 0.010989 0.011099
2.173913 1.010000 0.010870 0.010978
2.150538 1.010000 0.010753 0.010860
2.127660 1.010000 0.010638 0.010745
2.105263 1.010000 0.010526 0.010632
2.083333 1.010000 0.010417 0.010521
2.061856 1.010000 0.010309 0.010412
2.040816 1.010000 0.010204 0.010306
2.020202 1.010000 0.010101 0.010202
2.000000 1.010000 0.010000 0.010100
4.000000 1.015000 0.020000 0.020300
3.921569 1.015000 0.019608 0.019902
3.846154 1.015000 0.019231 0.019519
3.773585 1.015000 0.018868 0.019151
3.703704 1.015000 0.018519 0.018796
3.636364 1.015000 0.018182 0.018455
3.571429 1.015000 0.017857 0.018125
3.508772 1.015000 0.017544 0.017807
3.448276 1.015000 0.017241 0.017500
3.389831 1.015000 0.016949 0.017203
3.333333 1.015000 0.016667 0.016917
3.278689 1.015000 0.016393 0.016639
3.225806 1.015000 0.016129 0.016371
3.174603 1.015000 0.015873 0.016111
3.125000 1.015000 0.015625 0.015859
3.076923 1.015000 0.015385 0.015615
3.030303 1.015000 0.015152 0.015379
2.985075 1.015000 0.014925 0.015149
2.941176 1.015000 0.014706 0.014926
2.898551 1.015000 0.014493 0.014710
2.857143 1.015000 0.014286 0.014500
2.816901 1.015000 0.014085 0.014296
2.777778 1.015000 0.013889 0.014097
2.739726 1.015000 0.013699 0.013904
2.702703 1.015000 0.013514 0.013716
2.666667 1.015000 0.013333 0.013533
2.631579 1.015000 0.013158 0.013355
2.597403 1.015000 0.012987 0.013182
2.564103 1.015000 0.012821 0.013013
2.531646 1.015000 0.012658 0.012848
2.500000 1.015000 0.012500 0.012687
2.469136 1.015000 0.012346 0.012531
2.439024 1.015000 0.012195 0.012378
2.409639 1.015000 0.012048 0.012229
2.380952 1.015000 0.011905 0.012083
2.352941 1.015000 0.011765 0.011941
2.325581 1.015000 0.011628 0.011802
2.298851 1.015000 0.011494 0.011667
2.272727 1.015000 0.011364 0.011534
2.247191 1.015000 0.011236 0.011404
2.222222 1.015000 0.011111 0.011278
2.197802 1.015000 0.010989 0.011154
2.173913 1.015000 0.010870 0.011033
2.150538 1.015000 0.010753 0.010914
2.127660 1.015000 0.010638 0.010798
2.105263 1.015000 0.010526 0.010684
2.083333 1.015000 0.010417 0.010573
2.061856 1.015000 0.010309 0.010464
2.040816 1.015000 0.010204 0.010357
2.020202 1.015000 0.010101 0.010253
2.000000 1.015000 0.010000 0.010150
4.000000 1.020000 0.020000 0.020400
3.921569 1.020000 0.019608 0.020000
3.846154 1.020000 0.019231 0.019615
3.773585 1.020000 0.018868 0.019245
3.703704 1.020000 0.018519 0.018889
3.636364 1.020000 0.018182 0.018545
3.571429 1.020000 0.017857 0.018214
3.508772 1.020000 0.017544 0.017895
3.448276 1.020000 0.017241 0.017586
3.389831 1.020000 0.016949 0.017288
3.333333 1.020000 0.016667 0.017000
3.278689 1.020000 0.016393 0.016721
3.225806 1.020000 0.016129 0.016452
3.174603 1.020000 0.015873 0.016190
3.125000 1.020000 0.015625 0.015938
3.076923 1.020000 0.015385 0.015692
3.030303 1.020000 0.015152 0.015455
2.985075 1.020000 0.014925 0.015224
2.941176 1.020000 0.014706 0.015000
2.898551 1.020000 0.014493 0.014783
2.857143 1.020000 0.014286 0.014571
2.816901 1.020000 0.014085 0.014366
2.777778 1.020000 0.013889 0.014167
2.739726 1.020000 0.013699 0.013973
2.702703 1.020000 0.013514 0.013784
2.666667 1.020000 0.013333 0.013600
2.631579 1.020000 0.013158 0.013421
2.597403 1.020000 0.012987 0.013247
2.564103 1.020000 0.012821 0.013077
2.531646 1.020000 0.012658 0.012911
2.500000 1.020000 0.012500 0.012750
2.469136 1.020000 0.012346 0.012593
2.439024 1.020000 0.012195 0.012439
2.409639 1.020000 0.012048 0.012289
2.380952 1.020000 0.011905 0.012143
2.352941 1.020000 0.011765 0.012000
2.325581 1.020000 0.011628 0.011860
2.298851 1.020000 0.011494 0.011724
2.272727 1.020000 0.011364 0.011591
2.247191 1.020000 0.011236 0.011461
2.222222 1.020000 0.011111 0.011333
2.197802 1.020000 0.010989 0.011209
2.173913 1.020000 0.010870 0.011087
2.150538 1.020000 0.010753 0.010968
2.127660 1.020000 0.010638 0.010851
2.105263 1.020000 0.010526 0.010737
2.083333 1.020000 0.010417 0.010625
2.061856 1.020000 0.010309 0.010515
2.040816 1.020000 0.010204 0.010408
2.020202 1.020000 0.010101 0.010303
2.000000 1.020000 0.010000 0.010200
4.000000 1.025000 0.020000 0.020500
3.921569 1.025000 0.019608 0.020098
3.846154 1.025000 0.019231 0.019712
3.773585 1.025000 0.018868 0.019340
3.703704 1.025000 0.018519 0.018981
3.636364 1.025000 0.018182 0.018636
3.571429 1.025000 0.017857 0.018304
3.508772 1.025000 0.017544 0.017982
3.448276 1.025000 0.017241 0.017672
3.389831 1.025000 0.016949 0.017373
3.333333 1.025000 0.016667 0.017083
3.278689 1.025000 0.016393 0.016803
3.225806 1.025000 0.016129 0.016532
3.174603 1.025000 0.015873 0.016270
3.125000 1.025000 0.015625 0.016016
3.076923 1.025000 0.015385 0.015769
3.030303 1.025000 0.015152 0.015530
2.985075 1.025000 0.014925 0.015299
2.941176 1.025000 0.014706 0.015074
2.898551 1.025000 0.014493 0.014855
2.857143 1.025000 0.014286 0.014643
2.816901 1.025000 0.014085 0.014437
2.777778 1.025000 0.013889 0.014236
2.739726 1.025000 0.013699 0.014041
2.702703 1.025000 0.013514 0.013851
2.666667 1.025000 0.013333 0.013667
2.631579 1.025000 0.013158 0.013487
2.597403 1.025000 0.012987 0.013312
2.564103 1.025000 0.012821 0.013141
2.531646 1.025000 0.012658 0.012975
2.500000 1.025000 0.012500 0.012812
2.469136 1.025000 0.012346 0.012654
2.439024 1.025000 0.012195 0.012500
2.409639 1.025000 0.012048 0.012349
2.380952 1.025000 0.011905 0.012202
2.352941 1.025000 0.011765 0.012059
2.325581 1.025000 0.011628 0.011919
2.298851 1.025000 0.011494 0.011782
2.272727 1.025000 0.011364 0.011648
2.247191 1.025000 0.011236 0.011517
2.222222 1.025000 0.011111 0.011389
2.197802 1.025000 0.010989 0.011264
2.173913 1.025000 0.010870 0.011141
2.150538 1.025000 0.010753 0.011022
2.127660 1.025000 0.010638 0.010904
2.105263 1.025000 0.010526 0.010789
2.083333 1.025000 0.010417 0.010677
2.061856 1.025000 0.010309 0.010567
2.040816 1.025000 0.010204 0.010459
2.020202 1.025000 0.010101 0.010354
2.000000 1.025000 0.010000 0.010250
4.000000 1.030000 0.020000 0.020600
3.921569 1.030000 0.019608 0.020196
3.846154 1.030000 0.019231 0.019808
3.773585 1.030000 0.018868 0.019434
3.703704 1.030000 0.018519 0.019074
3.636364 1.030000 0.018182 0.018727
3.571429 1.030000 0.017857 0.018393
3.508772 1.030000 0.017544 0.018070
3.448276 1.030000 0.017241 0.017759
3.389831 1.030000 0.016949 0.017458
3.333333 1.030000 0.016667 0.017167
3.278689 1.030000 0.016393 0.016885
3.225806 1.030000 0.016129 0.016613
3.174603 1.030000 0.015873 0.016349
3.125000 1.030000 0.015625 0.016094
3.076923 1.030000 0.015385 0.015846
3.030303 1.030000 0.015152 0.015606
2.985075 1.030000 0.014925 0.015373
2.941176 1.030000 0.014706 0.015147
2.898551 1.030000 0.014493 0.014928
2.857143 1.030000 0.014286 0.014714
2.816901 1.030000 0.014085 0.014507
2.777778 1.030000 0.013889 0.014306
2.739726 1.030000 0.013699 0.014110
2.702703 1.030000 0.013514 0.013919
2.666667 1.030000 0.013333 0.013733
2.631579 1.030000 0.013158 0.013553
2.597403 1.030000 0.012987 0.013377
2.564103 1.030000 0.012821 0.013205
2.531646 1.030000 0.012658 0.013038
2.500000 1.030000 0.012500 0.012875
2.469136 1.030000 0.012346 0.012716
2.439024 1.030000 0.012195 0.012561
2.409639 1.030000 0.012048 0.012410
2.380952 1.030000 0.011905 0.012262
2.352941 1.030000 0.011765 0.012118
2.325581 1.030000 0.011628 0.011977
2.298851 1.030000 0.011494 0.011839
2.272727 1.030000 0.011364 0.011705
2.247191 1.030000 0.011236 0.011573
2.222222 1.030000 0.011111 0.011444
2.197802 1.030000 0.010989 0.011319
2.173913 1.030000 0.010870 0.011196
2.150538 1.030000 0.010753 0.011075
2.127660 1.030000 0.010638 0.010957
2.105263 1.030000 0.010526 0.010842
2.083333 1.030000 0.010417 0.010729
2.061856 1.030000 0.010309 0.010619
2.040816 1.030000 0.010204 0.010510
2.020202 1.030000 0.010101 0.010404
2.000000 1.030000 0.010000 0.010300
4.000000 1.035000 0.020000 0.020700
3.921569 1.035000 0.019608 0.020294
3.846154 1.035000 0.019231 0.019904
3.773585 1.035000 0.018868 0.019528
3.703704 1.035000 0.018519 0.019167
3.636364 1.035000 0.018182 0.018818
3.571429 1.035000 0.017857 0.018482
3.508772 1.035000 0.017544 0.018158
3.448276 1.035000 0.017241 0.017845
3.389831 1.035000 0.016949 0.017542
3.333333 1.035000 0.016667 0.017250
3.278689 1.035000 0.016393 0.016967
3.225806 1.035000 0.016129 0.016694
3.174603 1.035000 0.015873 0.016429
3.125000 1.035000 0.015625 0.016172
3.076923 1.035000 0.015385 0.015923
3.030303 1.035000 0.015152 0.015682
2.985075 1.035000 0.014925 0.015448
2.941176 1.035000 0.014706 0.015221
2.898551 1.035000 0.014493 0.015000
2.857143 1.035000 0.014286 0.014786
2.816901 1.035000 0.014085 0.014577
2.777778 1.035000 0.013889 0.014375
2.739726 1.035000 0.013699 0.014178
2.702703 1.035000 0.013514 0.013986
2.666667 1.035000 0.013333 0.013800
2.631579 1.035000 0.013158 0.013618
2.597403 1.035000 0.012987 0.013442
2.564103 1.035000 0.012821 0.013269
2.531646 1.035000 0.012658 0.013101
2.500000 1.035000 0.012500 0.012937
2.469136 1.035000 0.012346 0.012778
2.439024 1.035000 0.012195 0.012622
2.409639 1.035000 0.012048 0.012470
2.380952 1.035000 0.011905 0.012321
2.352941 1.035000 0.011765 0.012176
2.325581 1.035000 0.011628 0.012035
2.298851 1.035000 0.011494 0.011897
2.272727 1.035000 0.011364 0.011761
2.247191 1.035000 0.011236 0.011629
2.222222 1.035000 0.011111 0.011500
2.197802 1.035000 0.010989 0.011374
2.173913 1.035000 0.010870 0.011250
2.150538 1.035000 0.010753 0.011129
2.127660 1.035000 0.010638 0.011011
2.105263 1.035000 0.010526 0.010895
2.083333 1.035000 0.010417 0.010781
2.061856 1.035000 0.010309 0.010670
2.040816 1.035000 0.010204 0.010561
2.020202 1.035000 0.010101 0.010455
2.000000 1.035000 0.010000 0.010350
4.000000 1.040000 0.020000 0.020800
3.921569 1.040000 0.019608 0.020392
3.846154 1.040000 0.019231 0.020000
3.773585 1.040000 0.018868 0.019623
3.703704 1.040000 0.018519 0.019259
3.636364 1.040000 0.018182 0.018909
3.571429 1.040000 0.017857 0.018571
3.508772 1.040000 0.017544 0.018246
3.448276 1.040000 0.017241 0.017931
3.389831 1.040000 0.016949 0.017627
3.333333 1.040000 0.016667 0.017333
3.278689 1.040000 0.016393 0.017049
3.225806 1.040000 0.016129 0.016774
3.174603 1.040000 0.015873 0.016508
3.125000 1.040000 0.015625 0.016250
3.076923 1.040000 0.015385 0.016000
3.030303 1.040000 0.015152 0.015758
2.985075 1.040000 0.014925 0.015522
2.941176 1.040000 0.014706 0.015294
2.898551 1.040000 0.014493 0.015072
2.857143 1.040000 0.014286 0.014857
2.816901 1.040000 0.014085 0.014648
2.777778 1.040000 0.013889 0.014444
2.739726 1.040000 0.013699 0.014247
2.702703 1.040000 0.013514 0.014054
2.666667 1.040000 0.013333 0.013867
2.631579 1.040000 0.013158 0.013684
2.597403 1.040000 0.012987 0.013506
2.564103 1.040000 0.012821 0.013333
2.531646 1.040000 0.012658 0.013165
2.500000 1.040000 0.012500 0.013000
2.469136 1.040000 0.012346 0.012840
2.439024 1.040000 0.012195 0.012683
2.409639 1.040000 0.012048 0.012530
2.380952 1.040000 0.011905 0.012381
2.352941 1.040000 0.011765 0.012235
2.325581 1.040000 0.011628 0.012093
2.298851 1.040000 0.011494 0.011954
2.272727 1.040000 0.011364 0.011818
2.247191 1.040000 0.011236 0.011685
2.222222 1.040000 0.011111 0.011556
2.197802 1.040000 0.010989 0.011429
2.173913 1.040000 0.010870 0.011304
2.150538 1.040000 0.010753 0.011183
2.127660 1.040000 0.010638 0.011064
2.105263 1.040000 0.010526 0.010947
2.083333 1.040000 0.010417 0.010833
2.061856 1.040000 0.010309 0.010722
2.040816 1.040000 0.010204 0.010612
2.020202 1.040000 0.010101 0.010505
2.000000 1.040000 0.010000 0.010400
4.000000 1.045000 0.020000 0.020900
3.921569 1.045000 0.019608 0.020490
3.846154 1.045000 0.019231 0.020096
3.773585 1.045000 0.018868 0.019717
3.703704 1.045000 0.018519 0.019352
3.636364 1.045000 0.018182 0.019000
3.571429 1.045000 0.017857 0.018661
3.508772 1.045000 0.017544 0.018333
3.448276 1.045000 0.017241 0.018017
3.389831 1.045000 0.016949 0.017712
3.333333 1.045000 0.016667 0.017417
3.278689 1.045000 0.016393 0.017131
3.225806 1.045000 0.016129 0.016855
3.174603 1.045000 0.015873 0.016587
3.125000 1.045000 0.015625 0.016328
3.076923 1.045000 0.015385 0.016077
3.030303 1.045000 0.015152 0.015833
2.985075 1.045000 0.014925 0.015597
2.941176 1.045000 0.014706 0.015368
2.898551 1.045000 0.014493 0.015145
2.857143 1.045000 0.014286 0.014929
2.816901 1.045000 0.014085 0.014718
2.777778 1.045000 0.013889 0.014514
2.739726 1.045000 0.013699 0.014315
2.702703 1.045000 0.013514 0.014122
2.666667 1.045000 0.013333 0.013933
2.631579 1.045000 0.013158 0.013750
2.597403 1.045000 0.012987 0.013571
2.564103 1.045000 0.012821 0.013397
2.531646 1.045000 0.012658 0.013228
2.500000 1.045000 0.012500 0.013062
2.469136 1.045000 0.012346 0.012901
2.439024 1.045000 0.012195 0.012744
2.409639 1.045000 0.012048 0.012590
2.380952 1.045000 0.011905 0.012440
2.352941 1.045000 0.011765 0.012294
2.325581 1.045000 0.011628 0.012151
2.298851 1.045000 0.011494 0.012011
2.272727 1.045000 0.011364 0.011875
2.247191 1.045000 0.011236 0.011742
2.222222 1.045000 0.011111 0.011611
2.197802 1.045000 0.010989 0.011484
2.173913 1.045000 0.010870 0.011359
2.150538 1.045000 0.010753 0.011237
2.127660 1.045000 0.010638 0.011117
2.105263 1.045000 0.010526 0.011000
2.083333 1.045000 0.010417 0.010885
2.061856 1.045000 0.010309 0.010773
2.040816 1.045000 0.010204 0.010663
2.020202 1.045000 0.010101 0.010556
2.000000 1.045000 0.010000 0.010450
4.000000 1.050000 0.020000 0.021000
3.921569 1.050000 0.019608 0.020588
3.846154 1.050000 0.019231 0.020192
3.773585 1.050000 0.018868 0.019811
3.703704 1.050000 0.018519 0.019444
3.636364 1.050000 0.018182 0.019091
3.571429 1.050000 0.017857 0.018750
3.508772 1.050000 0.017544 0.018421
3.448276 1.050000 0.017241 0.018103
3.389831 1.050000 0.016949 0.017797
3.333333 1.050000 0.016667 0.017500
3.278689 1.050000 0.016393 0.017213
3.225806 1.050000 0.016129 0.016935
3.174603 1.050000 0.015873 0.016667
3.125000 1.050000 0.015625 0.016406
3.076923 1.050000 0.015385 0.016154
3.030303 1.050000 0.015152 0.015909
2.985075 1.050000 0.014925 0.015672
2.941176 1.050000 0.014706 0.015441
2.898551 1.050000 0.014493 0.015217
2.857143 1.050000 0.014286 0.015000
2.816901 1.050000 0.014085 0.014789
2.777778 1.050000 0.013889 0.014583
2.739726 1.050000 0.013699 0.014384
2.702703 1.050000 0.013514 0.014189
2.666667 1.050000 0.013333 0.014000
2.631579 1.050000 0.013158 0.013816
2.597403 1.050000 0.012987 0.013636
2.564103 1.050000 0.012821 0.013462
2.531646 1.050000 0.012658 0.013291
2.500000 1.050000 0.012500 0.013125
2.469136 1.050000 0.012346 0.012963
2.439024 1.050000 0.012195 0.012805
2.409639 1.050000 0.012048 0.012651
2.380952 1.050000 0.011905 0.012500
2.352941 1.050000 0.011765 0.012353
2.325581 1.050000 0.011628 0.012209
2.298851 1.050000 0.011494 0.012069
2.272727 1.050000 0.011364 0.011932
2.247191 1.050000 0.011236 0.011798
2.222222 1.050000 0.011111 0.011667
2.197802 1.050000 0.010989 0.011538
2.173913 1.050000 0.010870 0.011413
2.150538 1.050000 0.010753 0.011290
2.127660 1.050000 0.010638 0.011170
2.105263 1.050000 0.010526 0.011053
2.083333 1.050000 0.010417 0.010937
2.061856 1.050000 0.010309 0.010825
2.040816 1.050000 0.010204 0.010714
2.020202 1.050000 0.010101 0.010606
2.000000 1.050000 0.010000 0.010500
4.000000 1.055000 0.020000 0.021100
3.921569 1.055000 0.019608 0.020686
3.846154 1.055000 0.019231 0.020288
3.773585 1.055000 0.018868 0.019906
3.703704 1.055000 0.018519 0.019537
3.636364 1.055000 0.018182 0.019182
3.571429 1.055000 0.017857 0.018839
3.508772 1.055000 0.017544 0.018509
3.448276 1.055000 0.017241 0.018190
3.389831 1.055000 0.016949 0.017881
3.333333 1.055000 0.016667 0.017583
3.278689 1.055000 0.016393 0.017295
3.225806 1.055000 0.016129 0.017016
3.174603 1.055000 0.015873 0.016746
3.125000 1.055000 0.015625 0.016484
3.076923 1.055000 0.015385 0.016231
3.030303 1.055000 0.015152 0.015985
2.985075 1.055000 0.014925 0.015746
2.941176 1.055000 0.014706 0.015515
2.898551 1.055000 0.014493 0.015290
2.857143 1.055000 0.014286 0.015071
2.816901 1.055000 0.014085 0.014859
2.777778 1.055000 0.013889 0.014653
2.739726 1.055000 0.013699 0.014452
2.702703 1.055000 0.013514 0.014257
2.666667 1.055000 0.013333 0.014067
2.631579 1.055000 0.013158 0.013882
2.597403 1.055000 0.012987 0.013701
2.564103 1.055000 0.012821 0.013526
2.531646 1.055000 0.012658 0.013354
2.500000 1.055000 0.012500 0.013187
2.469136 1.055000 0.012346 0.013025
2.439024 1.055000 0.012195 0.012866
2.409639 1.055000 0.012048 0.012711
2.380952 1.055000 0.011905 0.012560
2.352941 1.055000 0.011765 0.012412
2.325581 1.055000 0.011628 0.012267
2.298851 1.055000 0.011494 0.012126
2.272727 1.055000 0.011364 0.011989
2.247191 1.055000 0.011236 0.011854
2.222222 1.055000 0.011111 0.011722
2.197802 1.055000 0.010989 0.011593
2.173913 1.055000 0.010870 0.011467
2.150538 1.055000 0.010753 0.011344
2.127660 1.055000 0.010638 0.011223
2.105263 1.055000 0.010526 0.011105
2.083333 1.055000 0.010417 0.010990
2.061856 1.055000 0.010309 0.010876
2.040816 1.055000 0.010204 0.010765
2.020202 1.055000 0.010101 0.010657
2.000000 1.055000 0.010000 0.010550
4.000000 1.060000 0.020000 0.021200
3.921569 1.060000 0.019608 0.020784
3.846154 1.060000 0.019231 0.020385
3.773585 1.060000 0.018868 0.020000
3.703704 1.060000 0.018519 0.019630
3.636364 1.060000 0.018182 0.019273
3.571429 1.060000 0.017857 0.018929
3.508772 1.060000 0.017544 0.018596
3.448276 1.060000 0.017241 0.018276
3.389831 1.060000 0.016949 0.017966
3.333333 1.060000 0.016667 0.017667
3.278689 1.060000 0.016393 0.017377
3.225806 1.060000 0.016129 0.017097
3.174603 1.060000 0.015873 0.016825
3.125000 1.060000 0.015625 0.016563
3.076923 1.060000 0.015385 0.016308
3.030303 1.060000 0.015152 0.016061
2.985075 1.060000 0.014925 0.015821
2.941176 1.060000 0.014706 0.015588
2.898551 1.060000 0.014493 0.015362
2.857143 1.060000 0.014286 0.015143
2.816901 1.060000 0.014085 0.014930
2.777778 1.060000 0.013889 0.014722
2.739726 1.060000 0.013699 0.014521
2.702703 1.060000 0.013514 0.014324
2.666667 1.060000 0.013333 0.014133
2.631579 1.060000 0.013158 0.013947
2.597403 1.060000 0.012987 0.013766
2.564103 1.060000 0.012821 0.013590
2.531646 1.060000 0.012658 0.013418
2.500000 1.060000 0.012500 0.013250
2.469136 1.060000 0.012346 0.013086
2.439024 1.060000 0.012195 0.012927
2.409639 1.060000 0.012048 0.012771
2.380952 1.060000 0.011905 0.012619
2.352941 1.060000 0.011765 0.012471
2.325581 1.060000 0.011628 0.012326
2.298851 1.060000 0.011494 0.012184
2.272727 1.060000 0.011364 0.012045
2.247191 1.060000 0.011236 0.011910
2.222222 1.060000 0.011111 0.011778
2.197802 1.060000 0.010989 0.011648
2.173913 1.060000 0.010870 0.011522
2.150538 1.060000 0.010753 0.011398
2.127660 1.060000 0.010638 0.011277
2.105263 1.060000 0.010526 0.011158
2.083333 1.060000 0.010417 0.011042
2.061856 1.060000 0.010309 0.010928
2.040816 1.060000 0.010204 0.010816
2.020202 1.060000 0.010101 0.010707
2.000000 1.060000 0.010000 0.010600
4.000000 1.065000 0.020000 0.021300
3.921569 1.065000 0.019608 0.020882
3.846154 1.065000 0.019231 0.020481
3.773585 1.065000 0.018868 0.020094
3.703704 1.065000 0.018519 0.019722
3.636364 1.065000 0.018182 0.019364
3.571429 1.065000 0.017857 0.019018
3.508772 1.065000 0.017544 0.018684
3.448276 1.065000 0.017241 0.018362
3.389831 1.065000 0.016949 0.018051
3.333333 1.065000 0.016667 0.017750
3.278689 1.065000 0.016393 0.017459
3.225806 1.065000 0.016129 0.017177
3.174603 1.065000 0.015873 0.016905
3.125000 1.065000 0.015625 0.016641
3.076923 1.065000 0.015385 0.016385
3.030303 1.065000 0.015152 0.016136
2.985075 1.065000 0.014925 0.015896
2.941176 1.065000 0.014706 0.015662
2.898551 1.065000 0.014493 0.015435
2.857143 1.065000 0.014286 0.015214
2.816901 1.065000 0.014085 0.015000
2.777778 1.065000 0.013889 0.014792
2.739726 1.065000 0.013699 0.014589
2.702703 1.065000 0.013514 0.014392
2.666667 1.065000 0.013333 0.014200
2.631579 1.065000 0.013158 0.014013
2.597403 1.065000 0.012987 0.013831
2.564103 1.065000 0.012821 0.013654
2.531646 1.065000 0.012658 0.013481
2.500000 1.065000 0.012500 0.013312
2.469136 1.065000 0.012346 0.013148
2.439024 1.065000 0.012195 0.012988
2.409639 1.065000 0.012048 0.012831
2.380952 1.065000 0.011905 0.012679
2.352941 1.065000 0.011765 0.012529
2.325581 1.065000 0.011628 0.012384
2.298851 1.065000 0.011494 0.012241
2.272727 1.065000 0.011364 0.012102
2.247191 1.065000 0.011236 0.011966
2.222222 1.065000 0.011111 0.011833
2.197802 1.065000 0.010989 0.011703
2.173913 1.065000 0.010870 0.011576
2.150538 1.065000 0.010753 0.011452
2.127660 1.065000 0.010638 0.011330
2.105263 1.065000 0.010526 0.011211
2.083333 1.065000 0.010417 0.011094
2.061856 1.065000 0.010309 0.010979
2.040816 1.065000 0.010204 0.010867
2.020202 1.065000 0.010101 0.010758
2.000000 1.065000 0.010000 0.010650
4.000000 1.070000 0.020000 0.021400
3.921569 1.070000 0.019608 0.020980
3.846154 1.070000 0.019231 0.020577
3.773585 1.070000 0.018868 0.020189
3.703704 1.070000 0.018519 0.019815
3.636364 1.070000 0.018182 0.019455
3.571429 1.070000 0.017857 0.019107
3.508772 1.070000 0.017544 0.018772
3.448276 1.070000 0.017241 0.018448
3.389831 1.070000 0.016949 0.018136
3.333333 1.070000 0.016667 0.017833
3.278689 1.070000 0.016393 0.017541
3.225806 1.070000 0.016129 0.017258
3.174603 1.070000 0.015873 0.016984
3.125000 1.070000 0.015625 0.016719
3.076923 1.070000 0.015385 0.016462
3.030303 1.070000 0.015152 0.016212
2.985075 1.070000 0.014925 0.015970
2.941176 1.070000 0.014706 0.015735
2.898551 1.070000 0.014493 0.015507
2.857143 1.070000 0.014286 0.015286
2.816901 1.070000 0.014085 0.015070
2.777778 1.070000 0.013889 0.014861
2.739726 1.070000 0.013699 0.014658
2.702703 1.070000 0.013514 0.014459
2.666667 1.070000 0.013333 0.014267
2.631579 1.070000 0.013158 0.014079
2.597403 1.070000 0.012987 0.013896
2.564103 1.070000 0.012821 0.013718
2.531646 1.070000 0.012658 0.013544
2.500000 1.070000 0.012500 0.013375
2.469136 1.070000 0.012346 0.013210
2.439024 1.070000 0.012195 0.013049
2.409639 1.070000 0.012048 0.012892
2.380952 1.070000 0.011905 0.012738
2.352941 1.070000 0.011765 0.012588
2.325581 1.070000 0.011628 0.012442
2.298851 1.070000 0.011494 0.012299
2.272727 1.070000 0.011364 0.012159
2.247191 1.070000 0.011236 0.012022
2.222222 1.070000 0.011111 0.011889
2.197802 1.070000 0.010989 0.011758
2.173913 1.070000 0.010870 0.011630
2.150538 1.070000 0.010753 0.011505
2.127660 1.070000 0.010638 0.011383
2.105263 1.070000 0.010526 0.011263
2.083333 1.070000 0.010417 0.011146
2.061856 1.070000 0.010309 0.011031
2.040816 1.070000 0.010204 0.010918
2.020202 1.070000 0.010101 0.010808
2.000000 1.070000 0.010000 0.010700
4.000000 1.075000 0.020000 0.021500
3.921569 1.075000 0.019608 0.021078
3.846154 1.075000 0.019231 0.020673
3.773585 1.075000 0.018868 0.020283
3.703704 1.075000 0.018519 0.019907
3.636364 1.075000 0.018182 0.019545
3.571429 1.075000 0.017857 0.019196
3.508772 1.075000 0.017544 0.018860
3.448276 1.075000 0.017241 0.018534
3.389831 1.075000 0.016949 0.018220
3.333333 1.075000 0.016667 0.017917
3.278689 1.075000 0.016393 0.017623
3.225806 1.075000 0.016129 0.017339
3.174603 1.075000 0.015873 0.017063
3.125000 1.075000 0.015625 0.016797
3.076923 1.075000 0.015385 0.016538
3.030303 1.075000 0.015152 0.016288
2.985075 1.075000 0.014925 0.016045
2.941176 1.075000 0.014706 0.015809
2.898551 1.075000 0.014493 0.015580
2.857143 1.075000 0.014286 0.015357
2.816901 1.075000 0.014085 0.015141
2.777778 1.075000 0.013889 0.014931
2.739726 1.075000 0.013699 0.014726
2.702703 1.075000 0.013514 0.014527
2.666667 1.075000 0.013333 0.014333
2.631579 1.075000 0.013158 0.014145
2.597403 1.075000 0.012987 0.013961
2.564103 1.075000 0.012821 0.013782
2.531646 1.075000 0.012658 0.013608
2.500000 1.075000 0.012500 0.013437
2.469136 1.075000 0.012346 0.013272
2.439024 1.075000 0.012195 0.013110
2.409639 1.075000 0.012048 0.012952
2.380952 1.075000 0.011905 0.012798
2.352941 1.075000 0.011765 0.012647
2.325581 1.075000 0.011628 0.012500
2.298851 1.075000 0.011494 0.012356
2.272727 1.075000 0.011364 0.012216
2.247191 1.075000 0.011236 0.012079
2.222222 1.075000 0.011111 0.011944
2.197802 1.075000 0.010989 0.011813
2.173913 1.075000 0.010870 0.011685
2.150538 1.075000 0.010753 0.011559
2.127660 1.075000 0.010638 0.011436
2.105263 1.075000 0.010526 0.011316
2.083333 1.075000 0.010417 0.011198
2.061856 1.075000 0.010309 0.011082
2.040816 1.075000 0.010204 0.010969
2.020202 1.075000 0.010101 0.010859
2.000000 1.075000 0.010000 0.010750
4.000000 1.080000 0.020000 0.021600
3.921569 1.080000 0.019608 0.021176
3.846154 1.080000 0.019231 0.020769
3.773585 1.080000 0.018868 0.020377
3.703704 1.080000 0.018519 0.020000
3.636364 1.080000 0.018182 0.019636
3.571429 1.080000 0.017857 0.019286
3.508772 1.080000 0.017544 0.018947
3.448276 1.080000 0.017241 0.018621
3.389831 1.080000 0.016949 0.018305
3.333333 1.080000 0.016667 0.018000
3.278689 1.080000 0.016393 0.017705
3.225806 1.080000 0.016129 0.017419
3.174603 1.080000 0.015873 0.017143
3.125000 1.080000 0.015625 0.016875
3.076923 1.080000 0.015385 0.016615
3.030303 1.080000 0.015152 0.016364
2.985075 1.080000 0.014925 0.016119
2.941176 1.080000 0.014706 0.015882
2.898551 1.080000 0.014493 0.015652
2.857143 1.080000 0.014286 0.015429
2.816901 1.080000 0.014085 0.015211
2.777778 1.080000 0.013889 0.015000
2.739726 1.080000 0.013699 0.014795
2.702703 1.080000 0.013514 0.014595
2.666667 1.080000 0.013333 0.014400
2.631579 1.080000 0.013158 0.014211
2.597403 1.080000 0.012987 0.014026
2.564103 1.080000 0.012821 0.013846
2.531646 1.080000 0.012658 0.013671
2.500000 1.080000 0.012500 0.013500
2.469136 1.080000 0.012346 0.013333
2.439024 1.080000 0.012195 0.013171
2.409639 1.080000 0.012048 0.013012
2.380952 1.080000 0.011905 0.012857
2.352941 1.080000 0.011765 0.012706
2.325581 1.080000 0.011628 0.012558
2.298851 1.080000 0.011494 0.012414
2.272727 1.080000 0.011364 0.012273
2.247191 1.080000 0.011236 0.012135
2.222222 1.080000 0.011111 0.012000
2.197802 1.080000 0.010989 0.011868
2.173913 1.080000 0.010870 0.011739
2.150538 1.080000 0.010753 0.011613
2.127660 1.080000 0.010638 0.011489
2.105263 1.080000 0.010526 0.011368
2.083333 1.080000 0.010417 0.011250
2.061856 1.080000 0.010309 0.011134
2.040816 1.080000 0.010204 0.011020
2.020202 1.080000 0.010101 0.010909
2.000000 1.080000 0.010000 0.010800
4.000000 1.085000 0.020000 0.021700
3.921569 1.085000 0.019608 0.021275
3.846154 1.085000 0.019231 0.020865
3.773585 1.085000 0.018868 0.020472
3.703704 1.085000 0.018519 0.020093
3.636364 1.085000 0.018182 0.019727
3.571429 1.085000 0.017857 0.019375
3.508772 1.085000 0.017544 0.019035
3.448276 1.085000 0.017241 0.018707
3.389831 1.085000 0.016949 0.018390
3.333333 1.085000 0.016667 0.018083
3.278689 1.085000 0.016393 0.017787
3.225806 1.085000 0.016129 0.017500
3.174603 1.085000 0.015873 0.017222
3.125000 1.085000 0.015625 0.016953
3.076923 1.085000 0.015385 0.016692
3.030303 1.085000 0.015152 0.016439
2.985075 1.085000 0.014925 0.016194
2.941176 1.085000 0.014706 0.015956
2.898551 1.085000 0.014493 0.015725
2.857143 1.085000 0.014286 0.015500
2.816901 1.085000 0.014085 0.015282
2.777778 1.085000 0.013889 0.015069
2.739726 1.085000 0.013699 0.014863
2.702703 1.085000 0.013514 0.014662
2.666667 1.085000 0.013333 0.014467
2.631579 1.085000 0.013158 0.014276
2.597403 1.085000 0.012987 0.014091
2.564103 1.085000 0.012821 0.013910
2.531646 1.085000 0.012658 0.013734
2.500000 1.085000 0.012500 0.013562
2.469136 1.085000 0.012346 0.013395
2.439024 1.085000 0.012195 0.013232
2.409639 1.085000 0.012048 0.013072
2.380952 1.085000 0.011905 0.012917
2.352941 1.085000 0.011765 0.012765
2.325581 1.085000 0.011628 0.012616
2.298851 1.085000 0.011494 0.012471
2.272727 1.085000 0.011364 0.012330
2.247191 1.085000 0.011236 0.012191
2.222222 1.085000 0.011111 0.012056
2.197802 1.085000 0.010989 0.011923
2.173913 1.085000 0.010870 0.011793
2.150538 1.085000 0.010753 0.011667
2.127660 1.085000 0.010638 0.011543
2.105263 1.085000 0.010526 0.011421
2.083333 1.085000 0.010417 0.011302
2.061856 1.085000 0.010309 0.011186
2.040816 1.085000 0.010204 0.011071
2.020202 1.085000 0.010101 0.010960
2.000000 1.085000 0.010000 0.010850
4.000000 1.090000 0.020000 0.021800
3.921569 1.090000 0.019608 0.021373
3.846154 1.090000 0.019231 0.020962
3.773585 1.090000 0.018868 0.020566
3.703704 1.090000 0.018519 0.020185
3.636364 1.090000 0.018182 0.019818
3.571429 1.090000 0.017857 0.019464
3.508772 1.090000 0.017544 0.019123
3.448276 1.090000 0.017241 0.018793
3.389831 1.090000 0.016949 0.018475
3.333333 1.090000 0.016667 0.018167
3.278689 1.090000 0.016393 0.017869
3.225806 1.090000 0.016129 0.017581
3.174603 1.090000 0.015873 0.017302
3.125000 1.090000 0.015625 0.017031
3.076923 1.090000 0.015385 0.016769
3.030303 1.090000 0.015152 0.016515
2.985075 1.090000 0.014925 0.016269
2.941176 1.090000 0.014706 0.016029
2.898551 1.090000 0.014493 0.015797
2.857143 1.090000 0.014286 0.015571
2.816901 1.090000 0.014085 0.015352
2.777778 1.090000 0.013889 0.015139
2.739726 1.090000 0.013699 0.014932
2.702703 1.090000 0.013514 0.014730
2.666667 1.090000 0.013333 0.014533
2.631579 1.090000 0.013158 0.014342
2.597403 1.090000 0.012987 0.014156
2.564103 1.090000 0.012821 0.013974
2.531646 1.090000 0.012658 0.013797
2.500000 1.090000 0.012500 0.013625
2.469136 1.090000 0.012346 0.013457
2.439024 1.090000 0.012195 0.013293
2.409639 1.090000 0.012048 0.013133
2.380952 1.090000 0.011905 0.012976
2.352941 1.090000 0.011765 0.012824
2.325581 1.090000 0.011628 0.012674
2.298851 1.090000 0.011494 0.012529
2.272727 1.090000 0.011364 0.012386
2.247191 1.090000 0.011236 0.012247
2.222222 1.090000 0.011111 0.012111
2.197802 1.090000 0.010989 0.011978
2.173913 1.090000 0.010870 0.011848
2.150538 1.090000 0.010753 0.011720
2.127660 1.090000 0.010638 0.011596
2.105263 1.090000 0.010526 0.011474
2.083333 1.090000 0.010417 0.011354
2.061856 1.090000 0.010309 0.011237
2.040816 1.090000 0.010204 0.011122
2.020202 1.090000 0.010101 0.011010
2.000000 1.090000 0.010000 0.010900
4.000000 1.095000 0.020000 0.021900
3.921569 1.095000 0.019608 0.021471
3.846154 1.095000 0.019231 0.021058
3.773585 1.095000 0.018868 0.020660
3.703704 1.095000 0.018519 0.020278
3.636364 1.095000 0.018182 0.019909
3.571429 1.095000 0.017857 0.019554
3.508772 1.095000 0.017544 0.019211
3.448276 1.095000 0.017241 0.018879
3.389831 1.095000 0.016949 0.018559
3.333333 1.095000 0.016667 0.018250
3.278689 1.095000 0.016393 0.017951
3.225806 1.095000 0.016129 0.017661
3.174603 1.095000 0.015873 0.017381
3.125000 1.095000 0.015625 0.017109
3.076923 1.095000 0.015385 0.016846
3.030303 1.095000 0.015152 0.016591
2.985075 1.095000 0.014925 0.016343
2.941176 1.095000 0.014706 0.016103
2.898551 1.095000 0.014493 0.015870
2.857143 1.095000 0.014286 0.015643
2.816901 1.095000 0.014085 0.015423
2.777778 1.095000 0.013889 0.015208
2.739726 1.095000 0.013699 0.015000
2.702703 1.095000 0.013514 0.014797
2.666667 1.095000 0.013333 0.014600
2.631579 1.095000 0.013158 0.014408
2.597403 1.095000 0.012987 0.014221
2.564103 1.095000 0.012821 0.014038
2.531646 1.095000 0.012658 0.013861
2.500000 1.095000 0.012500 0.013688
2.469136 1.095000 0.012346 0.013519
2.439024 1.095000 0.012195 0.013354
2.409639 1.095000 0.012048 0.013193
2.380952 1.095000 0.011905 0.013036
2.352941 1.095000 0.011765 0.012882
2.325581 1.095000 0.011628 0.012733
2.298851 1.095000 0.011494 0.012586
2.272727 1.095000 0.011364 0.012443
2.247191 1.095000 0.011236 0.012303
2.222222 1.095000 0.011111 0.012167
2.197802 1.095000 0.010989 0.012033
2.173913 1.095000 0.010870 0.011902
2.150538 1.095000 0.010753 0.011774
2.127660 1.095000 0.010638 0.011649
2.105263 1.095000 0.010526 0.011526
2.083333 1.095000 0.010417 0.011406
2.061856 1.095000 0.010309 0.011289
2.040816 1.095000 0.010204 0.011173
2.020202 1.095000 0.010101 0.011061
2.000000 1.095000 0.010000 0.010950
4.000000 1.100000 0.020000 0.022000
3.921569 1.100000 0.019608 0.021569
3.846154 1.100000 0.019231 0.021154
3.773585 1.100000 0.018868 0.020755
3.703704 1.100000 0.018519 0.020370
3.636364 1.100000 0.018182 0.020000
3.571429 1.100000 0.017857 0.019643
3.508772 1.100000 0.017544 0.019298
3.448276 1.100000 0.017241 0.018966
3.389831 1.100000 0.016949 0.018644
3.333333 1.100000 0.016667 0.018333
3.278689 1.100000 0.016393 0.018033
3.225806 1.100000 0.016129 0.017742
3.174603 1.100000 0.015873 0.017460
3.125000 1.100000 0.015625 0.017188
3.076923 1.100000 0.015385 0.016923
3.030303 1.100000 0.015152 0.016667
2.985075 1.100000 0.014925 0.016418
2.941176 1.100000 0.014706 0.016176
2.898551 1.100000 0.014493 0.015942
2.857143 1.100000 0.014286 0.015714
2.816901 1.100000 0.014085 0.015493
2.777778 1.100000 0.013889 0.015278
2.739726 1.100000 0.013699 0.015068
2.702703 1.100000 0.013514 0.014865
2.666667 1.100000 0.013333 0.014667
2.631579 1.100000 0.013158 0.014474
2.597403 1.100000 0.012987 0.014286
2.564103 1.100000 0.012821 0.014103
2.531646 1.100000 0.012658 0.013924
2.500000 1.100000 0.012500 0.013750
2.469136 1.100000 0.012346 0.013580
2.439024 1.100000 0.012195 0.013415
2.409639 1.100000 0.012048 0.013253
2.380952 1.100000 0.011905 0.013095
2.352941 1.100000 0.011765 0.012941
2.325581 1.100000 0.011628 0.012791
2.298851 1.100000 0.011494 0.012644
2.272727 1.100000 0.011364 0.012500
2.247191 1.100000 0.011236 0.012360
2.222222 1.100000 0.011111 0.012222
2.197802 1.100000 0.010989 0.012088
2.173913 1.100000 0.010870 0.011957
2.150538 1.100000 0.010753 0.011828
2.127660 1.100000 0.010638 0.011702
2.105263 1.100000 0.010526 0.011579
2.083333 1.100000 0.010417 0.011458
2.061856 1.100000 0.010309 0.011340
2.040816 1.100000 0.010204 0.011224
2.020202 1.100000 0.010101 0.011111
2.000000 1.100000 0.010000 0.011000
4.000000 1.105000 0.020000 0.022100
3.921569 1.105000 0.019608 0.021667
3.846154 1.105000 0.019231 0.021250
3.773585 1.105000 0.018868 0.020849
3.703704 1.105000 0.018519 0.020463
3.636364 1.105000 0.018182 0.020091
3.571429 1.105000 0.017857 0.019732
3.508772 1.105000 0.017544 0.019386
3.448276 1.105000 0.017241 0.019052
3.389831 1.105000 0.016949 0.018729
3.333333 1.105000 0.016667 0.018417
3.278689 1.105000 0.016393 0.018115
3.225806 1.105000 0.016129 0.017823
3.174603 1.105000 0.015873 0.017540
3.125000 1.105000 0.015625 0.017266
3.076923 1.105000 0.015385 0.017000
3.030303 1.105000 0.015152 0.016742
2.985075 1.105000 0.014925 0.016493
2.941176 1.105000 0.014706 0.016250
2.898551 1.105000 0.014493 0.016014
2.857143 1.105000 0.014286 0.015786
2.816901 1.105000 0.014085 0.015563
2.777778 1.105000 0.013889 0.015347
2.739726 1.105000 0.013699 0.015137
2.702703 1.105000 0.013514 0.014932
2.666667 1.105000 0.013333 0.014733
2.631579 1.105000 0.013158 0.014539
2.597403 1.105000 0.012987 0.014351
2.564103 1.105000 0.012821 0.014167
2.531646 1.105000 0.012658 0.013987
2.500000 1.105000 0.012500 0.013813
2.469136 1.105000 0.012346 0.013642
2.439024 1.105000 0.012195 0.013476
2.409639 1.105000 0.012048 0.013313
2.380952 1.105000 0.011905 0.013155
2.352941 1.105000 0.011765 0.013000
2.325581 1.105000 0.011628 0.012849
2.298851 1.105000 0.011494 0.012701
2.272727 1.105000 0.011364 0.012557
2.247191 1.105000 0.011236 0.012416
2.222222 1.105000 0.011111 0.012278
2.197802 1.105000 0.010989 0.012143
2.173913 1.105000 0.010870 0.012011
2.150538 1.105000 0.010753 0.011882
2.127660 1.105000 0.010638 0.011755
2.105263 1.105000 0.010526 0.011632
2.083333 1.105000 0.010417 0.011510
2.061856 1.105000 0.010309 0.011392
2.040816 1.105000 0.010204 0.011276
2.020202 1.105000 0.010101 0.011162
2.000000 1.105000 0.010000 0.011050
4.000000 1.110000 0.020000 0.022200
3.921569 1.110000 0.019608 0.021765
3.846154 1.110000 0.019231 0.021346
3.773585 1.110000 0.018868 0.020943
3.703704 1.110000 0.018519 0.020556
3.636364 1.110000 0.018182 0.020182
3.571429 1.110000 0.017857 0.019821
3.508772 1.110000 0.017544 0.019474
3.448276 1.110000 0.017241 0.019138
3.389831 1.110000 0.016949 0.018814
3.333333 1.110000 0.016667 0.018500
3.278689 1.110000 0.016393 0.018197
3.225806 1.110000 0.016129 0.017903
3.174603 1.110000 0.015873 0.017619
3.125000 1.110000 0.015625 0.017344
3.076923 1.110000 0.015385 0.017077
3.030303 1.110000 0.015152 0.016818
2.985075 1.110000 0.014925 0.016567
2.941176 1.110000 0.014706 0.016324
2.898551 1.110000 0.014493 0.016087
2.857143 1.110000 0.014286 0.015857
2.816901 1.110000 0.014085 0.015634
2.777778 1.110000 0.013889 0.015417
2.739726 1.110000 0.013699 0.015205
2.702703 1.110000 0.013514 0.015000
2.666667 1.110000 0.013333 0.014800
2.631579 1.110000 0.013158 0.014605
2.597403 1.110000 0.012987 0.014416
2.564103 1.110000 0.012821 0.014231
2.531646 1.110000 0.012658 0.014051
2.500000 1.110000 0.012500 0.013875
2.469136 1.110000 0.012346 0.013704
2.439024 1.110000 0.012195 0.013537
2.409639 1.110000 0.012048 0.013373
2.380952 1.110000 0.011905 0.013214
2.352941 1.110000 0.011765 0.013059
2.325581 1.110000 0.011628 0.012907
2.298851 1.110000 0.011494 0.012759
2.272727 1.110000 0.011364 0.012614
2.247191 1.110000 0.011236 0.012472
2.222222 1.110000 0.011111 0.012333
2.197802 1.110000 0.010989 0.012198
2.173913 1.110000 0.010870 0.012065
2.150538 1.110000 0.010753 0.011935
2.127660 1.110000 0.010638 0.011809
2.105263 1.110000 0.010526 0.011684
2.083333 1.110000 0.010417 0.011562
2.061856 1.110000 0.010309 0.011443
2.040816 1.110000 0.010204 0.011327
2.020202 1.110000 0.010101 0.011212
2.000000 1.110000 0.010000 0.011100
4.000000 1.115000 0.020000 0.022300
3.921569 1.115000 0.019608 0.021863
3.846154 1.115000 0.019231 0.021442
3.773585 1.115000 0.018868 0.021038
3.703704 1.115000 0.018519 0.020648
3.636364 1.115000 0.018182 0.020273
3.571429 1.115000 0.017857 0.019911
3.508772 1.115000 0.017544 0.019561
3.448276 1.115000 0.017241 0.019224
3.389831 1.115000 0.016949 0.018898
3.333333 1.115000 0.016667 0.018583
3.278689 1.115000 0.016393 0.018279
3.225806 1.115000 0.016129 0.017984
3.174603 1.115000 0.015873 0.017698
3.125000 1.115000 0.015625 0.017422
3.076923 1.115000 0.015385 0.017154
3.030303 1.115000 0.015152 0.016894
2.985075 1.115000 0.014925 0.016642
2.941176 1.115000 0.014706 0.016397
2.898551 1.115000 0.014493 0.016159
2.857143 1.115000 0.014286 0.015929
2.816901 1.115000 0.014085 0.015704
2.777778 1.115000 0.013889 0.015486
2.739726 1.115000 0.013699 0.015274
2.702703 1.115000 0.013514 0.015068
2.666667 1.115000 0.013333 0.014867
2.631579 1.115000 0.013158 0.014671
2.597403 1.115000 0.012987 0.014481
2.564103 1.115000 0.012821 0.014295
2.531646 1.115000 0.012658 0.014114
2.500000 1.115000 0.012500 0.013938
2.469136 1.115000 0.012346 0.013765
2.439024 1.115000 0.012195 0.013598
2.409639 1.115000 0.012048 0.013434
2.380952 1.115000 0.011905 0.013274
2.352941 1.115000 0.011765 0.013118
2.325581 1.115000 0.011628 0.012965
2.298851 1.115000 0.011494 0.012816
2.272727 1.115000 0.011364 0.012670
2.247191 1.115000 0.011236 0.012528
2.222222 1.115000 0.011111 0.012389
2.197802 1.115000 0.010989 0.012253
2.173913 1.115000 0.010870 0.012120
2.150538 1.115000 0.010753 0.011989
2.127660 1.115000 0.010638 0.011862
2.105263 1.115000 0.010526 0.011737
2.083333 1.115000 0.010417 0.011615
2.061856 1.115000 0.010309 0.011495
2.040816 1.115000 0.010204 0.011378
2.020202 1.115000 0.010101 0.011263
2.000000 1.115000 0.010000 0.011150
4.000000 1.120000 0.020000 0.022400
3.921569 1.120000 0.019608 0.021961
3.846154 1.120000 0.019231 0.021538
3.773585 1.120000 0.018868 0.021132
3.703704 1.120000 0.018519 0.020741
3.636364 1.120000 0.018182 0.020364
3.571429 1.120000 0.017857 0.020000
3.508772 1.120000 0.017544 0.019649
3.448276 1.120000 0.017241 0.019310
3.389831 1.120000 0.016949 0.018983
3.333333 1.120000 0.016667 0.018667
3.278689 1.120000 0.016393 0.018361
3.225806 1.120000 0.016129 0.018065
3.174603 1.120000 0.015873 0.017778
3.125000 1.120000 0.015625 0.017500
3.076923 1.120000 0.015385 0.017231
3.030303 1.120000 0.015152 0.016970
2.985075 1.120000 0.014925 0.016716
2.941176 1.120000 0.014706 0.016471
2.898551 1.120000 0.014493 0.016232
2.857143 1.120000 0.014286 0.016000
2.816901 1.120000 0.014085 0.015775
2.777778 1.120000 0.013889 0.015556
2.739726 1.120000 0.013699 0.015342
2.702703 1.120000 0.013514 0.015135
2.666667 1.120000 0.013333 0.014933
2.631579 1.120000 0.013158 0.014737
2.597403 1.120000 0.012987 0.014545
2.564103 1.120000 0.012821 0.014359
2.531646 1.120000 0.012658 0.014177
2.500000 1.120000 0.012500 0.014000
2.469136 1.120000 0.012346 0.013827
2.439024 1.120000 0.012195 0.013659
2.409639 1.120000 0.012048 0.013494
2.380952 1.120000 0.011905 0.013333
2.352941 1.120000 0.011765 0.013176
2.325581 1.120000 0.011628 0.013023
2.298851 1.120000 0.011494 0.012874
2.272727 1.120000 0.011364 0.012727
2.247191 1.120000 0.011236 0.012584
2.222222 1.120000 0.011111 0.012444
2.197802 1.120000 0.010989 0.012308
2.173913 1.120000 0.010870 0.012174
2.150538 1.120000 0.010753 0.012043
2.127660 1.120000 0.010638 0.011915
2.105263 1.120000 0.010526 0.011789
2.083333 1.120000 0.010417 0.011667
2.061856 1.120000 0.010309 0.011546
2.040816 1.120000 0.010204 0.011429
2.020202 1.120000 0.010101 0.011313
2.000000 1.120000 0.010000 0.011200
4.000000 1.125000 0.020000 0.022500
3.921569 1.125000 0.019608 0.022059
3.846154 1.125000 0.019231 0.021635
3.773585 1.125000 0.018868 0.021226
3.703704 1.125000 0.018519 0.020833
3.636364 1.125000 0.018182 0.020455
3.571429 1.125000 0.017857 0.020089
3.508772 1.125000 0.017544 0.019737
3.448276 1.125000 0.017241 0.019397
3.389831 1.125000 0.016949 0.019068
3.333333 1.125000 0.016667 0.018750
3.278689 1.125000 0.016393 0.018443
3.225806 1.125000 0.016129 0.018145
3.174603 1.125000 0.015873 0.017857
3.125000 1.125000 0.015625 0.017578
3.076923 1.125000 0.015385 0.017308
3.030303 1.125000 0.015152 0.017045
2.985075 1.125000 0.014925 0.016791
2.941176 1.125000 0.014706 0.016544
2.898551 1.125000 0.014493 0.016304
2.857143 1.125000 0.014286 0.016071
2.816901 1.125000 0.014085 0.015845
2.777778 1.125000 0.013889 0.015625
2.739726 1.125000 0.013699 0.015411
2.702703 1.125000 0.013514 0.015203
2.666667 1.125000 0.013333 0.015000
2.631579 1.125000 0.013158 0.014803
2.597403 1.125000 0.012987 0.014610
2.564103 1.125000 0.012821 0.014423
2.531646 1.125000 0.012658 0.014241
2.500000 1.125000 0.012500 0.014063
2.469136 1.125000 0.012346 0.013889
2.439024 1.125000 0.012195 0.013720
2.409639 1.125000 0.012048 0.013554
2.380952 1.125000 0.011905 0.013393
2.352941 1.125000 0.011765 0.013235
2.325581 1.125000 0.011628 0.013081
2.298851 1.125000 0.011494 0.012931
2.272727 1.125000 0.011364 0.012784
2.247191 1.125000 0.011236 0.012640
2.222222 1.125000 0.011111 0.012500
2.197802 1.125000 0.010989 0.012363
2.173913 1.125000 0.010870 0.012228
2.150538 1.125000 0.010753 0.012097
2.127660 1.125000 0.010638 0.011968
2.105263 1.125000 0.010526 0.011842
2.083333 1.125000 0.010417 0.011719
2.061856 1.125000 0.010309 0.011598
2.040816 1.125000 0.010204 0.011480
2.020202 1.125000 0.010101 0.011364
2.000000 1.125000 0.010000 0.011250
4.000000 1.130000 0.020000 0.022600
3.921569 1.130000 0.019608 0.022157
3.846154 1.130000 0.019231 0.021731
3.773585 1.130000 0.018868 0.021321
3.703704 1.130000 0.018519 0.020926
3.636364 1.130000 0.018182 0.020545
3.571429 1.130000 0.017857 0.020179
3.508772 1.130000 0.017544 0.019825
3.448276 1.130000 0.017241 0.019483
3.389831 1.130000 0.016949 0.019153
3.333333 1.130000 0.016667 0.018833
3.278689 1.130000 0.016393 0.018525
3.225806 1.130000 0.016129 0.018226
3.174603 1.130000 0.015873 0.017937
3.125000 1.130000 0.015625 0.017656
3.076923 1.130000 0.015385 0.017385
3.030303 1.130000 0.015152 0.017121
2.985075 1.130000 0.014925 0.016866
2.941176 1.130000 0.014706 0.016618
2.898551 1.130000 0.014493 0.016377
2.857143 1.130000 0.014286 0.016143
2.816901 1.130000 0.014085 0.015915
2.777778 1.130000 0.013889 0.015694
2.739726 1.130000 0.013699 0.015479
2.702703 1.130000 0.013514 0.015270
2.666667 1.130000 0.013333 0.015067
2.631579 1.130000 0.013158 0.014868
2.597403 1.130000 0.012987 0.014675
2.564103 1.130000 0.012821 0.014487
2.531646 1.130000 0.012658 0.014304
2.500000 1.130000 0.012500 0.014125
2.469136 1.130000 0.012346 0.013951
2.439024 1.130000 0.012195 0.013780
2.409639 1.130000 0.012048 0.013614
2.380952 1.130000 0.011905 0.013452
2.352941 1.130000 0.011765 0.013294
2.325581 1.130000 0.011628 0.013140
2.298851 1.130000 0.011494 0.012989
2.272727 1.130000 0.011364 0.012841
2.247191 1.130000 0.011236 0.012697
2.222222 1.130000 0.011111 0.012556
2.197802 1.130000 0.010989 0.012418
2.173913 1.130000 0.010870 0.012283
2.150538 1.130000 0.010753 0.012151
2.127660 1.130000 0.010638 0.012021
2.105263 1.130000 0.010526 0.011895
2.083333 1.130000 0.010417 0.011771
2.061856 1.130000 0.010309 0.011649
2.040816 1.130000 0.010204 0.011531
2.020202 1.130000 0.010101 0.011414
2.000000 1.130000 0.010000 0.011300
4.000000 1.135000 0.020000 0.022700
3.921569 1.135000 0.019608 0.022255
3.846154 1.135000 0.019231 0.021827
3.773585 1.135000 0.018868 0.021415
3.703704 1.135000 0.018519 0.021019
3.636364 1.135000 0.018182 0.020636
3.571429 1.135000 0.017857 0.020268
3.508772 1.135000 0.017544 0.019912
3.448276 1.135000 0.017241 0.019569
3.389831 1.135000 0.016949 0.019237
3.333333 1.135000 0.016667 0.018917
3.278689 1.135000 0.016393 0.018607
3.225806 1.135000 0.016129 0.018306
3.174603 1.135000 0.015873 0.018016
3.125000 1.135000 0.015625 0.017734
3.076923 1.135000 0.015385 0.017462
3.030303 1.135000 0.015152 0.017197
2.985075 1.135000 0.014925 0.016940
2.941176 1.135000 0.014706 0.016691
2.898551 1.135000 0.014493 0.016449
2.857143 1.135000 0.014286 0.016214
2.816901 1.135000 0.014085 0.015986
2.777778 1.135000 0.013889 0.015764
2.739726 1.135000 0.013699 0.015548
2.702703 1.135000 0.013514 0.015338
2.666667 1.135000 0.013333 0.015133
2.631579 1.135000 0.013158 0.014934
2.597403 1.135000 0.012987 0.014740
2.564103 1.135000 0.012821 0.014551
2.531646 1.135000 0.012658 0.014367
2.500000 1.135000 0.012500 0.014188
2.469136 1.135000 0.012346 0.014012
2.439024 1.135000 0.012195 0.013841
2.409639 1.135000 0.012048 0.013675
2.380952 1.135000 0.011905 0.013512
2.352941 1.135000 0.011765 0.013353
2.325581 1.135000 0.011628 0.013198
2.298851 1.135000 0.011494 0.013046
2.272727 1.135000 0.011364 0.012898
2.247191 1.135000 0.011236 0.012753
2.222222 1.135000 0.011111 0.012611
2.197802 1.135000 0.010989 0.012473
2.173913 1.135000 0.010870 0.012337
2.150538 1.135000 0.010753 0.012204
2.127660 1.135000 0.010638 0.012074
2.105263 1.135000 0.010526 0.011947
2.083333 1.135000 0.010417 0.011823
2.061856 1.135000 0.010309 0.011701
2.040816 1.135000 0.010204 0.011582
2.020202 1.135000 0.010101 0.011465
2.000000 1.135000 0.010000 0.011350
4.000000 1.140000 0.020000 0.022800
3.921569 1.140000 0.019608 0.022353
3.846154 1.140000 0.019231 0.021923
3.773585 1.140000 0.018868 0.021509
3.703704 1.140000 0.018519 0.021111
3.636364 1.140000 0.018182 0.020727
3.571429 1.140000 0.017857 0.020357
3.508772 1.140000 0.017544 0.020000
3.448276 1.140000 0.017241 0.019655
3.389831 1.140000 0.016949 0.019322
3.333333 1.140000 0.016667 0.019000
3.278689 1.140000 0.016393 0.018689
3.225806 1.140000 0.016129 0.018387
3.174603 1.140000 0.015873 0.018095
3.125000 1.140000 0.015625 0.017813
3.076923 1.140000 0.015385 0.017538
3.030303 1.140000 0.015152 0.017273
2.985075 1.140000 0.014925 0.017015
2.941176 1.140000 0.014706 0.016765
2.898551 1.140000 0.014493 0.016522
2.857143 1.140000 0.014286 0.016286
2.816901 1.140000 0.014085 0.016056
2.777778 1.140000 0.013889 0.015833
2.739726 1.140000 0.013699 0.015616
2.702703 1.140000 0.013514 0.015405
2.666667 1.140000 0.013333 0.015200
2.631579 1.140000 0.013158 0.015000
2.597403 1.140000 0.012987 0.014805
2.564103 1.140000 0.012821 0.014615
2.531646 1.140000 0.012658 0.014430
2.500000 1.140000 0.012500 0.014250
2.469136 1.140000 0.012346 0.014074
2.439024 1.140000 0.012195 0.013902
2.409639 1.140000 0.012048 0.013735
2.380952 1.140000 0.011905 0.013571
2.352941 1.140000 0.011765 0.013412
2.325581 1.140000 0.011628 0.013256
2.298851 1.140000 0.011494 0.013103
2.272727 1.140000 0.011364 0.012955
2.247191 1.140000 0.011236 0.012809
2.222222 1.140000 0.011111 0.012667
2.197802 1.140000 0.010989 0.012527
2.173913 1.140000 0.010870 0.012391
2.150538 1.140000 0.010753 0.012258
2.127660 1.140000 0.010638 0.012128
2.105263 1.140000 0.010526 0.012000
2.083333 1.140000 0.010417 0.011875
2.061856 1.140000 0.010309 0.011753
2.040816 1.140000 0.010204 0.011633
2.020202 1.140000 0.010101 0.011515
2.000000 1.140000 0.010000 0.011400
4.000000 1.145000 0.020000 0.022900
3.921569 1.145000 0.019608 0.022451
3.846154 1.145000 0.019231 0.022019
3.773585 1.145000 0.018868 0.021604
3.703704 1.145000 0.018519 0.021204
3.636364 1.145000 0.018182 0.020818
3.571429 1.145000 0.017857 0.020446
3.508772 1.145000 0.017544 0.020088
3.448276 1.145000 0.017241 0.019741
3.389831 1.145000 0.016949 0.019407
3.333333 1.145000 0.016667 0.019083
3.278689 1.145000 0.016393 0.018770
3.225806 1.145000 0.016129 0.018468
3.174603 1.145000 0.015873 0.018175
3.125000 1.145000 0.015625 0.017891
3.076923 1.145000 0.015385 0.017615
3.030303 1.145000 0.015152 0.017348
2.985075 1.145000 0.014925 0.017090
2.941176 1.145000 0.014706 0.016838
2.898551 1.145000 0.014493 0.016594
2.857143 1.145000 0.014286 0.016357
2.816901 1.145000 0.014085 0.016127
2.777778 1.145000 0.013889 0.015903
2.739726 1.145000 0.013699 0.015685
2.702703 1.145000 0.013514 0.015473
2.666667 1.145000 0.013333 0.015267
2.631579 1.145000 0.013158 0.015066
2.597403 1.145000 0.012987 0.014870
2.564103 1.145000 0.012821 0.014679
2.531646 1.145000 0.012658 0.014494
2.500000 1.145000 0.012500 0.014313
2.469136 1.145000 0.012346 0.014136
2.439024 1.145000 0.012195 0.013963
2.409639 1.145000 0.012048 0.013795
2.380952 1.145000 0.011905 0.013631
2.352941 1.145000 0.011765 0.013471
2.325581 1.145000 0.011628 0.013314
2.298851 1.145000 0.011494 0.013161
2.272727 1.145000 0.011364 0.013011
2.247191 1.145000 0.011236 0.012865
2.222222 1.145000 0.011111 0.012722
2.197802 1.145000 0.010989 0.012582
2.173913 1.145000 0.010870 0.012446
2.150538 1.145000 0.010753 0.012312
2.127660 1.145000 0.010638 0.012181
2.105263 1.145000 0.010526 0.012053
2.083333 1.145000 0.010417 0.011927
2.061856 1.145000 0.010309 0.011804
2.040816 1.145000 0.010204 0.011684
2.020202 1.145000 0.010101 0.011566
2.000000 1.145000 0.010000 0.011450
4.000000 1.150000 0.020000 0.023000
3.921569 1.150000 0.019608 0.022549
3.846154 1.150000 0.019231 0.022115
3.773585 1.150000 0.018868 0.021698
3.703704 1.150000 0.018519 0.021296
3.636364 1.150000 0.018182 0.020909
3.571429 1.150000 0.017857 0.020536
3.508772 1.150000 0.017544 0.020175
3.448276 1.150000 0.017241 0.019828
3.389831 1.150000 0.016949 0.019492
3.333333 1.150000 0.016667 0.019167
3.278689 1.150000 0.016393 0.018852
3.225806 1.150000 0.016129 0.018548
3.174603 1.150000 0.015873 0.018254
3.125000 1.150000 0.015625 0.017969
3.076923 1.150000 0.015385 0.017692
3.030303 1.150000 0.015152 0.017424
2.985075 1.150000 0.014925 0.017164
2.941176 1.150000 0.014706 0.016912
2.898551 1.150000 0.014493 0.016667
2.857143 1.150000 0.014286 0.016429
2.816901 1.150000 0.014085 0.016197
2.777778 1.150000 0.013889 0.015972
2.739726 1.150000 0.013699 0.015753
2.702703 1.150000 0.013514 0.015541
2.666667 1.150000 0.013333 0.015333
2.631579 1.150000 0.013158 0.015132
2.597403 1.150000 0.012987 0.014935
2.564103 1.150000 0.012821 0.014744
2.531646 1.150000 0.012658 0.014557
2.500000 1.150000 0.012500 0.014375
2.469136 1.150000 0.012346 0.014198
2.439024 1.150000 0.012195 0.014024
2.409639 1.150000 0.012048 0.013855
2.380952 1.150000 0.011905 0.013690
2.352941 1.150000 0.011765 0.013529
2.325581 1.150000 0.011628 0.013372
2.298851 1.150000 0.011494 0.013218
2.272727 1.150000 0.011364 0.013068
2.247191 1.150000 0.011236 0.012921
2.222222 1.150000 0.011111 0.012778
2.197802 1.150000 0.010989 0.012637
2.173913 1.150000 0.010870 0.012500
2.150538 1.150000 0.010753 0.012366
2.127660 1.150000 0.010638 0.012234
2.105263 1.150000 0.010526 0.012105
2.083333 1.150000 0.010417 0.011979
2.061856 1.150000 0.010309 0.011856
2.040816 1.150000 0.010204 0.011735
2.020202 1.150000 0.010101 0.011616
2.000000 1.150000 0.010000 0.011500
4.000000 1.155000 0.020000 0.023100
3.921569 1.155000 0.019608 0.022647
3.846154 1.155000 0.019231 0.022212
3.773585 1.155000 0.018868 0.021792
3.703704 1.155000 0.018519 0.021389
3.636364 1.155000 0.018182 0.021000
3.571429 1.155000 0.017857 0.020625
3.508772 1.155000 0.017544 0.020263
3.448276 1.155000 0.017241 0.019914
3.389831 1.155000 0.016949 0.019576
3.333333 1.155000 0.016667 0.019250
3.278689 1.155000 0.016393 0.018934
3.225806 1.155000 0.016129 0.018629
3.174603 1.155000 0.015873 0.018333
3.125000 1.155000 0.015625 0.018047
3.076923 1.155000 0.015385 0.017769
3.030303 1.155000 0.015152 0.017500
2.985075 1.155000 0.014925 0.017239
2.941176 1.155000 0.014706 0.016985
2.898551 1.155000 0.014493 0.016739
2.857143 1.155000 0.014286 0.016500
2.816901 1.155000 0.014085 0.016268
2.777778 1.155000 0.013889 0.016042
2.739726 1.155000 0.013699 0.015822
2.702703 1.155000 0.013514 0.015608
2.666667 1.155000 0.013333 0.015400
2.631579 1.155000 0.013158 0.015197
2.597403 1.155000 0.012987 0.015000
2.564103 1.155000 0.012821 0.014808
2.531646 1.155000 0.012658 0.014620
2.500000 1.155000 0.012500 0.014438
2.469136 1.155000 0.012346 0.014259
2.439024 1.155000 0.012195 0.014085
2.409639 1.155000 0.012048 0.013916
2.380952 1.155000 0.011905 0.013750
2.352941 1.155000 0.011765 0.013588
2.325581 1.155000 0.011628 0.013430
2.298851 1.155000 0.011494 0.013276
2.272727 1.155000 0.011364 0.013125
2.247191 1.155000 0.011236 0.012978
2.222222 1.155000 0.011111 0.012833
2.197802 1.155000 0.010989 0.012692
2.173913 1.155000 0.010870 0.012554
2.150538 1.155000 0.010753 0.012419
2.127660 1.155000 0.010638 0.012287
2.105263 1.155000 0.010526 0.012158
2.083333 1.155000 0.010417 0.012031
2.061856 1.155000 0.010309 0.011907
2.040816 1.155000 0.010204 0.011786
2.020202 1.155000 0.010101 0.011667
2.000000 1.155000 0.010000 0.011550
4.000000 1.160000 0.020000 0.023200
3.921569 1.160000 0.019608 0.022745
3.846154 1.160000 0.019231 0.022308
3.773585 1.160000 0.018868 0.021887
3.703704 1.160000 0.018519 0.021481
3.636364 1.160000 0.018182 0.021091
3.571429 1.160000 0.017857 0.020714
3.508772 1.160000 0.017544 0.020351
3.448276 1.160000 0.017241 0.020000
3.389831 1.160000 0.016949 0.019661
3.333333 1.160000 0.016667 0.019333
3.278689 1.160000 0.016393 0.019016
3.225806 1.160000 0.016129 0.018710
3.174603 1.160000 0.015873 0.018413
3.125000 1.160000 0.015625 0.018125
3.076923 1.160000 0.015385 0.017846
3.030303 1.160000 0.015152 0.017576
2.985075 1.160000 0.014925 0.017313
2.941176 1.160000 0.014706 0.017059
2.898551 1.160000 0.014493 0.016812
2.857143 1.160000 0.014286 0.016571
2.816901 1.160000 0.014085 0.016338
2.777778 1.160000 0.013889 0.016111
2.739726 1.160000 0.013699 0.015890
2.702703 1.160000 0.013514 0.015676
2.666667 1.160000 0.013333 0.015467
2.631579 1.160000 0.013158 0.015263
2.597403 1.160000 0.012987 0.015065
2.564103 1.160000 0.012821 0.014872
2.531646 1.160000 0.012658 0.014684
2.500000 1.160000 0.012500 0.014500
2.469136 1.160000 0.012346 0.014321
2.439024 1.160000 0.012195 0.014146
2.409639 1.160000 0.012048 0.013976
2.380952 1.160000 0.011905 0.013810
2.352941 1.160000 0.011765 0.013647
2.325581 1.160000 0.011628 0.013488
2.298851 1.160000 0.011494 0.013333
2.272727 1.160000 0.011364 0.013182
2.247191 1.160000 0.011236 0.013034
2.222222 1.160000 0.011111 0.012889
2.197802 1.160000 0.010989 0.012747
2.173913 1.160000 0.010870 0.012609
2.150538 1.160000 0.010753 0.012473
2.127660 1.160000 0.010638 0.012340
2.105263 1.160000 0.010526 0.012211
2.083333 1.160000 0.010417 0.012083
2.061856 1.160000 0.010309 0.011959
2.040816 1.160000 0.010204 0.011837
2.020202 1.160000 0.010101 0.011717
2.000000 1.160000 0.010000 0.011600
4.000000 1.165000 0.020000 0.023300
3.921569 1.165000 0.019608 0.022843
3.846154 1.165000 0.019231 0.022404
3.773585 1.165000 0.018868 0.021981
3.703704 1.165000 0.018519 0.021574
3.636364 1.165000 0.018182 0.021182
3.571429 1.165000 0.017857 0.020804
3.508772 1.165000 0.017544 0.020439
3.448276 1.165000 0.017241 0.020086
3.389831 1.165000 0.016949 0.019746
3.333333 1.165000 0.016667 0.019417
3.278689 1.165000 0.016393 0.019098
3.225806 1.165000 0.016129 0.018790
3.174603 1.165000 0.015873 0.018492
3.125000 1.165000 0.015625 0.018203
3.076923 1.165000 0.015385 0.017923
3.030303 1.165000 0.015152 0.017652
2.985075 1.165000 0.014925 0.017388
2.941176 1.165000 0.014706 0.017132
2.898551 1.165000 0.014493 0.016884
2.857143 1.165000 0.014286 0.016643
2.816901 1.165000 0.014085 0.016408
2.777778 1.165000 0.013889 0.016181
2.739726 1.165000 0.013699 0.015959
2.702703 1.165000 0.013514 0.015743
2.666667 1.165000 0.013333 0.015533
2.631579 1.165000 0.013158 0.015329
2.597403 1.165000 0.012987 0.015130
2.564103 1.165000 0.012821 0.014936
2.531646 1.165000 0.012658 0.014747
2.500000 1.165000 0.012500 0.014563
2.469136 1.165000 0.012346 0.014383
2.439024 1.165000 0.012195 0.014207
2.409639 1.165000 0.012048 0.014036
2.380952 1.165000 0.011905 0.013869
2.352941 1.165000 0.011765 0.013706
2.325581 1.165000 0.011628 0.013547
2.298851 1.165000 0.011494 0.013391
2.272727 1.165000 0.011364 0.013239
2.247191 1.165000 0.011236 0.013090
2.222222 1.165000 0.011111 0.012944
2.197802 1.165000 0.010989 0.012802
2.173913 1.165000 0.010870 0.012663
2.150538 1.165000 0.010753 0.012527
2.127660 1.165000 0.010638 0.012394
2.105263 1.165000 0.010526 0.012263
2.083333 1.165000 0.010417 0.012135
2.061856 1.165000 0.010309 0.012010
2.040816 1.165000 0.010204 0.011888
2.020202 1.165000 0.010101 0.011768
2.000000 1.165000 0.010000 0.011650
4.000000 1.170000 0.020000 0.023400
3.921569 1.170000 0.019608 0.022941
3.846154 1.170000 0.019231 0.022500
3.773585 1.170000 0.018868 0.022075
3.703704 1.170000 0.018519 0.021667
3.636364 1.170000 0.018182 0.021273
3.571429 1.170000 0.017857 0.020893
3.508772 1.170000 0.017544 0.020526
3.448276 1.170000 0.017241 0.020172
3.389831 1.170000 0.016949 0.019831
3.333333 1.170000 0.016667 0.019500
3.278689 1.170000 0.016393 0.019180
3.225806 1.170000 0.016129 0.018871
3.174603 1.170000 0.015873 0.018571
3.125000 1.170000 0.015625 0.018281
3.076923 1.170000 0.015385 0.018000
3.030303 1.170000 0.015152 0.017727
2.985075 1.170000 0.014925 0.017463
2.941176 1.170000 0.014706 0.017206
2.898551 1.170000 0.014493 0.016957
2.857143 1.170000 0.014286 0.016714
2.816901 1.170000 0.014085 0.016479
2.777778 1.170000 0.013889 0.016250
2.739726 1.170000 0.013699 0.016027
2.702703 1.170000 0.013514 0.015811
2.666667 1.170000 0.013333 0.015600
2.631579 1.170000 0.013158 0.015395
2.597403 1.170000 0.012987 0.015195
2.564103 1.170000 0.012821 0.015000
2.531646 1.170000 0.012658 0.014810
2.500000 1.170000 0.012500 0.014625
2.469136 1.170000 0.012346 0.014444
2.439024 1.170000 0.012195 0.014268
2.409639 1.170000 0.012048 0.014096
2.380952 1.170000 0.011905 0.013929
2.352941 1.170000 0.011765 0.013765
2.325581 1.170000 0.011628 0.013605
2.298851 1.170000 0.011494 0.013448
2.272727 1.170000 0.011364 0.013295
2.247191 1.170000 0.011236 0.013146
2.222222 1.170000 0.011111 0.013000
2.197802 1.170000 0.010989 0.012857
2.173913 1.170000 0.010870 0.012717
2.150538 1.170000 0.010753 0.012581
2.127660 1.170000 0.010638 0.012447
2.105263 1.170000 0.010526 0.012316
2.083333 1.170000 0.010417 0.012187
2.061856 1.170000 0.010309 0.012062
2.040816 1.170000 0.010204 0.011939
2.020202 1.170000 0.010101 0.011818
2.000000 1.170000 0.010000 0.011700
4.000000 1.175000 0.020000 0.023500
3.921569 1.175000 0.019608 0.023039
3.846154 1.175000 0.019231 0.022596
3.773585 1.175000 0.018868 0.022170
3.703704 1.175000 0.018519 0.021759
3.636364 1.175000 0.018182 0.021364
3.571429 1.175000 0.017857 0.020982
3.508772 1.175000 0.017544 0.020614
3.448276 1.175000 0.017241 0.020259
3.389831 1.175000 0.016949 0.019915
3.333333 1.175000 0.016667 0.019583
3.278689 1.175000 0.016393 0.019262
3.225806 1.175000 0.016129 0.018952
3.174603 1.175000 0.015873 0.018651
3.125000 1.175000 0.015625 0.018359
3.076923 1.175000 0.015385 0.018077
3.030303 1.175000 0.015152 0.017803
2.985075 1.175000 0.014925 0.017537
2.941176 1.175000 0.014706 0.017279
2.898551 1.175000 0.014493 0.017029
2.857143 1.175000 0.014286 0.016786
2.816901 1.175000 0.014085 0.016549
2.777778 1.175000 0.013889 0.016319
2.739726 1.175000 0.013699 0.016096
2.702703 1.175000 0.013514 0.015878
2.666667 1.175000 0.013333 0.015667
2.631579 1.175000 0.013158 0.015461
2.597403 1.175000 0.012987 0.015260
2.564103 1.175000 0.012821 0.015064
2.531646 1.175000 0.012658 0.014873
2.500000 1.175000 0.012500 0.014688
2.469136 1.175000 0.012346 0.014506
2.439024 1.175000 0.012195 0.014329
2.409639 1.175000 0.012048 0.014157
2.380952 1.175000 0.011905 0.013988
2.352941 1.175000 0.011765 0.013824
2.325581 1.175000 0.011628 0.013663
2.298851 1.175000 0.011494 0.013506
2.272727 1.175000 0.011364 0.013352
2.247191 1.175000 0.011236 0.013202
2.222222 1.175000 0.011111 0.013056
2.197802 1.175000 0.010989 0.012912
2.173913 1.175000 0.010870 0.012772
2.150538 1.175000 0.010753 0.012634
2.127660 1.175000 0.010638 0.012500
2.105263 1.175000 0.010526 0.012368
2.083333 1.175000 0.010417 0.012240
2.061856 1.175000 0.010309 0.012113
2.040816 1.175000 0.010204 0.011990
2.020202 1.175000 0.010101 0.011869
2.000000 1.175000 0.010000 0.011750
4.000000 1.180000 0.020000 0.023600
3.921569 1.180000 0.019608 0.023137
3.846154 1.180000 0.019231 0.022692
3.773585 1.180000 0.018868 0.022264
3.703704 1.180000 0.018519 0.021852
3.636364 1.180000 0.018182 0.021455
3.571429 1.180000 0.017857 0.021071
3.508772 1.180000 0.017544 0.020702
3.448276 1.180000 0.017241 0.020345
3.389831 1.180000 0.016949 0.020000
3.333333 1.180000 0.016667 0.019667
3.278689 1.180000 0.016393 0.019344
3.225806 1.180000 0.016129 0.019032
3.174603 1.180000 0.015873 0.018730
3.125000 1.180000 0.015625 0.018437
3.076923 1.180000 0.015385 0.018154
3.030303 1.180000 0.015152 0.017879
2.985075 1.180000 0.014925 0.017612
2.941176 1.180000 0.014706 0.017353
2.898551 1.180000 0.014493 0.017101
2.857143 1.180000 0.014286 0.016857
2.816901 1.180000 0.014085 0.016620
2.777778 1.180000 0.013889 0.016389
2.739726 1.180000 0.013699 0.016164
2.702703 1.180000 0.013514 0.015946
2.666667 1.180000 0.013333 0.015733
2.631579 1.180000 0.013158 0.015526
2.597403 1.180000 0.012987 0.015325
2.564103 1.180000 0.012821 0.015128
2.531646 1.180000 0.012658 0.014937
2.500000 1.180000 0.012500 0.014750
2.469136 1.180000 0.012346 0.014568
2.439024 1.180000 0.012195 0.014390
2.409639 1.180000 0.012048 0.014217
2.380952 1.180000 0.011905 0.014048
2.352941 1.180000 0.011765 0.013882
2.325581 1.180000 0.011628 0.013721
2.298851 1.180000 0.011494 0.013563
2.272727 1.180000 0.011364 0.013409
2.247191 1.180000 0.011236 0.013258
2.222222 1.180000 0.011111 0.013111
2.197802 1.180000 0.010989 0.012967
2.173913 1.180000 0.010870 0.012826
2.150538 1.180000 0.010753 0.012688
2.127660 1.180000 0.010638 0.012553
2.105263 1.180000 0.010526 0.012421
2.083333 1.180000 0.010417 0.012292
2.061856 1.180000 0.010309 0.012165
2.040816 1.180000 0.010204 0.012041
2.020202 1.180000 0.010101 0.011919
2.000000 1.180000 0.010000 0.011800
4.000000 1.185000 0.020000 0.023700
3.921569 1.185000 0.019608 0.023235
3.846154 1.185000 0.019231 0.022788
3.773585 1.185000 0.018868 0.022358
3.703704 1.185000 0.018519 0.021944
3.636364 1.185000 0.018182 0.021545
3.571429 1.185000 0.017857 0.021161
3.508772 1.185000 0.017544 0.020789
3.448276 1.185000 0.017241 0.020431
3.389831 1.185000 0.016949 0.020085
3.333333 1.185000 0.016667 0.019750
3.278689 1.185000 0.016393 0.019426
3.225806 1.185000 0.016129 0.019113
3.174603 1.185000 0.015873 0.018810
3.125000 1.185000 0.015625 0.018516
3.076923 1.185000 0.015385 0.018231
3.030303 1.185000 0.015152 0.017955
2.985075 1.185000 0.014925 0.017687
2.941176 1.185000 0.014706 0.017426
2.898551 1.185000 0.014493 0.017174
2.857143 1.185000 0.014286 0.016929
2.816901 1.185000 0.014085 0.016690
2.777778 1.185000 0.013889 0.016458
2.739726 1.185000 0.013699 0.016233
2.702703 1.185000 0.013514 0.016014
2.666667 1.185000 0.013333 0.015800
2.631579 1.185000 0.013158 0.015592
2.597403 1.185000 0.012987 0.015390
2.564103 1.185000 0.012821 0.015192
2.531646 1.185000 0.012658 0.015000
2.500000 1.185000 0.012500 0.014813
2.469136 1.185000 0.012346 0.014630
2.439024 1.185000 0.012195 0.014451
2.409639 1.185000 0.012048 0.014277
2.380952 1.185000 0.011905 0.014107
2.352941 1.185000 0.011765 0.013941
2.325581 1.185000 0.011628 0.013779
2.298851 1.185000 0.011494 0.013621
2.272727 1.185000 0.011364 0.013466
2.247191 1.185000 0.011236 0.013315
2.222222 1.185000 0.011111 0.013167
2.197802 1.185000 0.010989 0.013022
2.173913 1.185000 0.010870 0.012880
2.150538 1.185000 0.010753 0.012742
2.127660 1.185000 0.010638 0.012606
2.105263 1.185000 0.010526 0.012474
2.083333 1.185000 0.010417 0.012344
2.061856 1.185000 0.010309 0.012216
2.040816 1.185000 0.010204 0.012092
2.020202 1.185000 0.010101 0.011970
2.000000 1.185000 0.010000 0.011850
4.000000 1.190000 0.020000 0.023800
3.921569 1.190000 0.019608 0.023333
3.846154 1.190000 0.019231 0.022885
3.773585 1.190000 0.018868 0.022453
3.703704 1.190000 0.018519 0.022037
3.636364 1.190000 0.018182 0.021636
3.571429 1.190000 0.017857 0.021250
3.508772 1.190000 0.017544 0.020877
3.448276 1.190000 0.017241 0.020517
3.389831 1.190000 0.016949 0.020169
3.333333 1.190000 0.016667 0.019833
3.278689 1.190000 0.016393 0.019508
3.225806 1.190000 0.016129 0.019194
3.174603 1.190000 0.015873 0.018889
3.125000 1.190000 0.015625 0.018594
3.076923 1.190000 0.015385 0.018308
3.030303 1.190000 0.015152 0.018030
2.985075 1.190000 0.014925 0.017761
2.941176 1.190000 0.014706 0.017500
2.898551 1.190000 0.014493 0.017246
2.857143 1.190000 0.014286 0.017000
2.816901 1.190000 0.014085 0.016761
2.777778 1.190000 0.013889 0.016528
2.739726 1.190000 0.013699 0.016301
2.702703 1.190000 0.013514 0.016081
2.666667 1.190000 0.013333 0.015867
2.631579 1.190000 0.013158 0.015658
2.597403 1.190000 0.012987 0.015455
2.564103 1.190000 0.012821 0.015256
2.531646 1.190000 0.012658 0.015063
2.500000 1.190000 0.012500 0.014875
2.469136 1.190000 0.012346 0.014691
2.439024 1.190000 0.012195 0.014512
2.409639 1.190000 0.012048 0.014337
2.380952 1.190000 0.011905 0.014167
2.352941 1.190000 0.011765 0.014000
2.325581 1.190000 0.011628 0.013837
2.298851 1.190000 0.011494 0.013678
2.272727 1.190000 0.011364 0.013523
2.247191 1.190000 0.011236 0.013371
2.222222 1.190000 0.011111 0.013222
2.197802 1.190000 0.010989 0.013077
2.173913 1.190000 0.010870 0.012935
2.150538 1.190000 0.010753 0.012796
2.127660 1.190000 0.010638 0.012660
2.105263 1.190000 0.010526 0.012526
2.083333 1.190000 0.010417 0.012396
2.061856 1.190000 0.010309 0.012268
2.040816 1.190000 0.010204 0.012143
2.020202 1.190000 0.010101 0.012020
2.000000 1.190000 0.010000 0.011900
4.000000 1.195000 0.020000 0.023900
3.921569 1.195000 0.019608 0.023431
3.846154 1.195000 0.019231 0.022981
3.773585 1.195000 0.018868 0.022547
3.703704 1.195000 0.018519 0.022130
3.636364 1.195000 0.018182 0.021727
3.571429 1.195000 0.017857 0.021339
3.508772 1.195000 0.017544 0.020965
3.448276 1.195000 0.017241 0.020603
3.389831 1.195000 0.016949 0.020254
3.333333 1.195000 0.016667 0.019917
3.278689 1.195000 0.016393 0.019590
3.225806 1.195000 0.016129 0.019274
3.174603 1.195000 0.015873 0.018968
3.125000 1.195000 0.015625 0.018672
3.076923 1.195000 0.015385 0.018385
3.030303 1.195000 0.015152 0.018106
2.985075 1.195000 0.014925 0.017836
2.941176 1.195000 0.014706 0.017574
2.898551 1.195000 0.014493 0.017319
2.857143 1.195000 0.014286 0.017071
2.816901 1.195000 0.014085 0.016831
2.777778 1.195000 0.013889 0.016597
2.739726 1.195000 0.013699 0.016370
2.702703 1.195000 0.013514 0.016149
2.666667 1.195000 0.013333 0.015933
2.631579 1.195000 0.013158 0.015724
2.597403 1.195000 0.012987 0.015519
2.564103 1.195000 0.012821 0.015321
2.531646 1.195000 0.012658 0.015127
2.500000 1.195000 0.012500 0.014938
2.469136 1.195000 0.012346 0.014753
2.439024 1.195000 0.012195 0.014573
2.409639 1.195000 0.012048 0.014398
2.380952 1.195000 0.011905 0.014226
2.352941 1.195000 0.011765 0.014059
2.325581 1.195000 0.011628 0.013895
2.298851 1.195000 0.011494 0.013736
2.272727 1.195000 0.011364 0.013580
2.247191 1.195000 0.011236 0.013427
2.222222 1.195000 0.011111 0.013278
2.197802 1.195000 0.010989 0.013132
2.173913 1.195000 0.010870 0.012989
2.150538 1.195000 0.010753 0.012849
2.127660 1.195000 0.010638 0.012713
2.105263 1.195000 0.010526 0.012579
2.083333 1.195000 0.010417 0.012448
2.061856 1.195000 0.010309 0.012320
2.040816 1.195000 0.010204 0.012194
2.020202 1.195000 0.010101 0.012071
2.000000 1.195000 0.010000 0.011950
4.000000 1.200000 0.020000 0.024000
3.921569 1.200000 0.019608 0.023529
3.846154 1.200000 0.019231 0.023077
3.773585 1.200000 0.018868 0.022642
3.703704 1.200000 0.018519 0.022222
3.636364 1.200000 0.018182 0.021818
3.571429 1.200000 0.017857 0.021429
3.508772 1.200000 0.017544 0.021053
3.448276 1.200000 0.017241 0.020690
3.389831 1.200000 0.016949 0.020339
3.333333 1.200000 0.016667 0.020000
3.278689 1.200000 0.016393 0.019672
3.225806 1.200000 0.016129 0.019355
3.174603 1.200000 0.015873 0.019048
3.125000 1.200000 0.015625 0.018750
3.076923 1.200000 0.015385 0.018462
3.030303 1.200000 0.015152 0.018182
2.985075 1.200000 0.014925 0.017910
2.941176 1.200000 0.014706 0.017647
2.898551 1.200000 0.014493 0.017391
2.857143 1.200000 0.014286 0.017143
2.816901 1.200000 0.014085 0.016901
2.777778 1.200000 0.013889 0.016667
2.739726 1.200000 0.013699 0.016438
2.702703 1.200000 0.013514 0.016216
2.666667 1.200000 0.013333 0.016000
2.631579 1.200000 0.013158 0.015789
2.597403 1.200000 0.012987 0.015584
2.564103 1.200000 0.012821 0.015385
2.531646 1.200000 0.012658 0.015190
2.500000 1.200000 0.012500 0.015000
2.469136 1.200000 0.012346 0.014815
2.439024 1.200000 0.012195 0.014634
2.409639 1.200000 0.012048 0.014458
2.380952 1.200000 0.011905 0.014286
2.352941 1.200000 0.011765 0.014118
2.325581 1.200000 0.011628 0.013953
2.298851 1.200000 0.011494 0.013793
2.272727 1.200000 0.011364 0.013636
2.247191 1.200000 0.011236 0.013483
2.222222 1.200000 0.011111 0.013333
2.197802 1.200000 0.010989 0.013187
2.173913 1.200000 0.010870 0.013043
2.150538 1.200000 0.010753 0.012903
2.127660 1.200000 0.010638 0.012766
2.105263 1.200000 0.010526 0.012632
2.083333 1.200000 0.010417 0.012500
2.061856 1.200000 0.010309 0.012371
2.040816 1.200000 0.010204 0.012245
2.020202 1.200000 0.010101 0.012121
2.000000 1.200000 0.010000 0.012000
4.000000 1.205000 0.020000 0.024100
3.921569 1.205000 0.019608 0.023627
3.846154 1.205000 0.019231 0.023173
3.773585 1.205000 0.018868 0.022736
3.703704 1.205000 0.018519 0.022315
3.636364 1.205000 0.018182 0.021909
3.571429 1.205000 0.017857 0.021518
3.508772 1.205000 0.017544 0.021140
3.448276 1.205000 0.017241 0.020776
3.389831 1.205000 0.016949 0.020424
3.333333 1.205000 0.016667 0.020083
3.278689 1.205000 0.016393 0.019754
3.225806 1.205000 0.016129 0.019435
3.174603 1.205000 0.015873 0.019127
3.125000 1.205000 0.015625 0.018828
3.076923 1.205000 0.015385 0.018538
3.030303 1.205000 0.015152 0.018258
2.985075 1.205000 0.014925 0.017985
2.941176 1.205000 0.014706 0.017721
2.898551 1.205000 0.014493 0.017464
2.857143 1.205000 0.014286 0.017214
2.816901 1.205000 0.014085 0.016972
2.777778 1.205000 0.013889 0.016736
2.739726 1.205000 0.013699 0.016507
2.702703 1.205000 0.013514 0.016284
2.666667 1.205000 0.013333 0.016067
2.631579 1.205000 0.013158 0.015855
2.597403 1.205000 0.012987 0.015649
2.564103 1.205000 0.012821 0.015449
2.531646 1.205000 0.012658 0.015253
2.500000 1.205000 0.012500 0.015063
2.469136 1.205000 0.012346 0.014877
2.439024 1.205000 0.012195 0.014695
2.409639 1.205000 0.012048 0.014518
2.380952 1.205000 0.011905 0.014345
2.352941 1.205000 0.011765 0.014176
2.325581 1.205000 0.011628 0.014012
2.298851 1.205000 0.011494 0.013851
2.272727 1.205000 0.011364 0.013693
2.247191 1.205000 0.011236 0.013539
2.222222 1.205000 0.011111 0.013389
2.197802 1.205000 0.010989 0.013242
2.173913 1.205000 0.010870 0.013098
2.150538 1.205000 0.010753 0.012957
2.127660 1.205000 0.010638 0.012819
2.105263 1.205000 0.010526 0.012684
2.083333 1.205000 0.010417 0.012552
2.061856 1.205000 0.010309 0.012423
2.040816 1.205000 0.010204 0.012296
2.020202 1.205000 0.010101 0.012172
2.000000 1.205000 0.010000 0.012050
4.000000 1.210000 0.020000 0.024200
3.921569 1.210000 0.019608 0.023725
3.846154 1.210000 0.019231 0.023269
3.773585 1.210000 0.018868 0.022830
3.703704 1.210000 0.018519 0.022407
3.636364 1.210000 0.018182 0.022000
3.571429 1.210000 0.017857 0.021607
3.508772 1.210000 0.017544 0.021228
3.448276 1.210000 0.017241 0.020862
3.389831 1.210000 0.016949 0.020508
3.333333 1.210000 0.016667 0.020167
3.278689 1.210000 0.016393 0.019836
3.225806 1.210000 0.016129 0.019516
3.174603 1.210000 0.015873 0.019206
3.125000 1.210000 0.015625 0.018906
3.076923 1.210000 0.015385 0.018615
3.030303 1.210000 0.015152 0.018333
2.985075 1.210000 0.014925 0.018060
2.941176 1.210000 0.014706 0.017794
2.898551 1.210000 0.014493 0.017536
2.857143 1.210000 0.014286 0.017286
2.816901 1.210000 0.014085 0.017042
2.777778 1.210000 0.013889 0.016806
2.739726 1.210000 0.013699 0.016575
2.702703 1.210000 0.013514 0.016351
2.666667 1.210000 0.013333 0.016133
2.631579 1.210000 0.013158 0.015921
2.597403 1.210000 0.012987 0.015714
2.564103 1.210000 0.012821 0.015513
2.531646 1.210000 0.012658 0.015316
2.500000 1.210000 0.012500 0.015125
2.469136 1.210000 0.012346 0.014938
2.439024 1.210000 0.012195 0.014756
2.409639 1.210000 0.012048 0.014578
2.380952 1.210000 0.011905 0.014405
2.352941 1.210000 0.011765 0.014235
2.325581 1.210000 0.011628 0.014070
2.298851 1.210000 0.011494 0.013908
2.272727 1.210000 0.011364 0.013750
2.247191 1.210000 0.011236 0.013596
2.222222 1.210000 0.011111 0.013444
2.197802 1.210000 0.010989 0.013297
2.173913 1.210000 0.010870 0.013152
2.150538 1.210000 0.010753 0.013011
2.127660 1.210000 0.010638 0.012872
2.105263 1.210000 0.010526 0.012737
2.083333 1.210000 0.010417 0.012604
2.061856 1.210000 0.010309 0.012474
2.040816 1.210000 0.010204 0.012347
2.020202 1.210000 0.010101 0.012222
2.000000 1.210000 0.010000 0.012100
4.000000 1.215000 0.020000 0.024300
3.921569 1.215000 0.019608 0.023824
3.846154 1.215000 0.019231 0.023365
3.773585 1.215000 0.018868 0.022925
3.703704 1.215000 0.018519 0.022500
3.636364 1.215000 0.018182 0.022091
3.571429 1.215000 0.017857 0.021696
3.508772 1.215000 0.017544 0.021316
3.448276 1.215000 0.017241 0.020948
3.389831 1.215000 0.016949 0.020593
3.333333 1.215000 0.016667 0.020250
3.278689 1.215000 0.016393 0.019918
3.225806 1.215000 0.016129 0.019597
3.174603 1.215000 0.015873 0.019286
3.125000 1.215000 0.015625 0.018984
3.076923 1.215000 0.015385 0.018692
3.030303 1.215000 0.015152 0.018409
2.985075 1.215000 0.014925 0.018134
2.941176 1.215000 0.014706 0.017868
2.898551 1.215000 0.014493 0.017609
2.857143 1.215000 0.014286 0.017357
2.816901 1.215000 0.014085 0.017113
2.777778 1.215000 0.013889 0.016875
2.739726 1.215000 0.013699 0.016644
2.702703 1.215000 0.013514 0.016419
2.666667 1.215000 0.013333 0.016200
2.631579 1.215000 0.013158 0.015987
2.597403 1.215000 0.012987 0.015779
2.564103 1.215000 0.012821 0.015577
2.531646 1.215000 0.012658 0.015380
2.500000 1.215000 0.012500 0.015188
2.469136 1.215000 0.012346 0.015000
2.439024 1.215000 0.012195 0.014817
2.409639 1.215000 0.012048 0.014639
2.380952 1.215000 0.011905 0.014464
2.352941 1.215000 0.011765 0.014294
2.325581 1.215000 0.011628 0.014128
2.298851 1.215000 0.011494 0.013966
2.272727 1.215000 0.011364 0.013807
2.247191 1.215000 0.011236 0.013652
2.222222 1.215000 0.011111 0.013500
2.197802 1.215000 0.010989 0.013352
2.173913 1.215000 0.010870 0.013207
2.150538 1.215000 0.010753 0.013065
2.127660 1.215000 0.010638 0.012926
2.105263 1.215000 0.010526 0.012789
2.083333 1.215000 0.010417 0.012656
2.061856 1.215000 0.010309 0.012526
2.040816 1.215000 0.010204 0.012398
2.020202 1.215000 0.010101 0.012273
2.000000 1.215000 0.010000 0.012150
4.000000 1.220000 0.020000 0.024400
3.921569 1.220000 0.019608 0.023922
3.846154 1.220000 0.019231 0.023462
3.773585 1.220000 0.018868 0.023019
3.703704 1.220000 0.018519 0.022593
3.636364 1.220000 0.018182 0.022182
3.571429 1.220000 0.017857 0.021786
3.508772 1.220000 0.017544 0.021404
3.448276 1.220000 0.017241 0.021034
3.389831 1.220000 0.016949 0.020678
3.333333 1.220000 0.016667 0.020333
3.278689 1.220000 0.016393 0.020000
3.225806 1.220000 0.016129 0.019677
3.174603 1.220000 0.015873 0.019365
3.125000 1.220000 0.015625 0.019062
3.076923 1.220000 0.015385 0.018769
3.030303 1.220000 0.015152 0.018485
2.985075 1.220000 0.014925 0.018209
2.941176 1.220000 0.014706 0.017941
2.898551 1.220000 0.014493 0.017681
2.857143 1.220000 0.014286 0.017429
2.816901 1.220000 0.014085 0.017183
2.777778 1.220000 0.013889 0.016944
2.739726 1.220000 0.013699 0.016712
2.702703 1.220000 0.013514 0.016486
2.666667 1.220000 0.013333 0.016267
2.631579 1.220000 0.013158 0.016053
2.597403 1.220000 0.012987 0.015844
2.564103 1.220000 0.012821 0.015641
2.531646 1.220000 0.012658 0.015443
2.500000 1.220000 0.012500 0.015250
2.469136 1.220000 0.012346 0.015062
2.439024 1.220000 0.012195 0.014878
2.409639 1.220000 0.012048 0.014699
2.380952 1.220000 0.011905 0.014524
2.352941 1.220000 0.011765 0.014353
2.325581 1.220000 0.011628 0.014186
2.298851 1.220000 0.011494 0.014023
2.272727 1.220000 0.011364 0.013864
2.247191 1.220000 0.011236 0.013708
2.222222 1.220000 0.011111 0.013556
2.197802 1.220000 0.010989 0.013407
2.173913 1.220000 0.010870 0.013261
2.150538 1.220000 0.010753 0.013118
2.127660 1.220000 0.010638 0.012979
2.105263 1.220000 0.010526 0.012842
2.083333 1.220000 0.010417 0.012708
2.061856 1.220000 0.010309 0.012577
2.040816 1.220000 0.010204 0.012449
2.020202 1.220000 0.010101 0.012323
2.000000 1.220000 0.010000 0.012200
4.000000 1.225000 0.020000 0.024500
3.921569 1.225000 0.019608 0.024020
3.846154 1.225000 0.019231 0.023558
3.773585 1.225000 0.018868 0.023113
3.703704 1.225000 0.018519 0.022685
3.636364 1.225000 0.018182 0.022273
3.571429 1.225000 0.017857 0.021875
3.508772 1.225000 0.017544 0.021491
3.448276 1.225000 0.017241 0.021121
3.389831 1.225000 0.016949 0.020763
3.333333 1.225000 0.016667 0.020417
3.278689 1.225000 0.016393 0.020082
3.225806 1.225000 0.016129 0.019758
3.174603 1.225000 0.015873 0.019444
3.125000 1.225000 0.015625 0.019141
3.076923 1.225000 0.015385 0.018846
3.030303 1.225000 0.015152 0.018561
2.985075 1.225000 0.014925 0.018284
2.941176 1.225000 0.014706 0.018015
2.898551 1.225000 0.014493 0.017754
2.857143 1.225000 0.014286 0.017500
2.816901 1.225000 0.014085 0.017254
2.777778 1.225000 0.013889 0.017014
2.739726 1.225000 0.013699 0.016781
2.702703 1.225000 0.013514 0.016554
2.666667 1.225000 0.013333 0.016333
2.631579 1.225000 0.013158 0.016118
2.597403 1.225000 0.012987 0.015909
2.564103 1.225000 0.012821 0.015705
2.531646 1.225000 0.012658 0.015506
2.500000 1.225000 0.012500 0.015313
2.469136 1.225000 0.012346 0.015123
2.439024 1.225000 0.012195 0.014939
2.409639 1.225000 0.012048 0.014759
2.380952 1.225000 0.011905 0.014583
2.352941 1.225000 0.011765 0.014412
2.325581 1.225000 0.011628 0.014244
2.298851 1.225000 0.011494 0.014080
2.272727 1.225000 0.011364 0.013920
2.247191 1.225000 0.011236 0.013764
2.222222 1.225000 0.011111 0.013611
2.197802 1.225000 0.010989 0.013462
2.173913 1.225000 0.010870 0.013315
2.150538 1.225000 0.010753 0.013172
2.127660 1.225000 0.010638 0.013032
2.105263 1.225000 0.010526 0.012895
2.083333 1.225000 0.010417 0.012760
2.061856 1.225000 0.010309 0.012629
2.040816 1.225000 0.010204 0.012500
2.020202 1.225000 0.010101 0.012374
2.000000 1.225000 0.010000 0.012250
4.000000 1.230000 0.020000 0.024600
3.921569 1.230000 0.019608 0.024118
3.846154 1.230000 0.019231 0.023654
3.773585 1.230000 0.018868 0.023208
3.703704 1.230000 0.018519 0.022778
3.636364 1.230000 0.018182 0.022364
3.571429 1.230000 0.017857 0.021964
3.508772 1.230000 0.017544 0.021579
3.448276 1.230000 0.017241 0.021207
3.389831 1.230000 0.016949 0.020847
3.333333 1.230000 0.016667 0.020500
3.278689 1.230000 0.016393 0.020164
3.225806 1.230000 0.016129 0.019839
3.174603 1.230000 0.015873 0.019524
3.125000 1.230000 0.015625 0.019219
3.076923 1.230000 0.015385 0.018923
3.030303 1.230000 0.015152 0.018636
2.985075 1.230000 0.014925 0.018358
2.941176 1.230000 0.014706 0.018088
2.898551 1.230000 0.014493 0.017826
2.857143 1.230000 0.014286 0.017571
2.816901 1.230000 0.014085 0.017324
2.777778 1.230000 0.013889 0.017083
2.739726 1.230000 0.013699 0.016849
2.702703 1.230000 0.013514 0.016622
2.666667 1.230000 0.013333 0.016400
2.631579 1.230000 0.013158 0.016184
2.597403 1.230000 0.012987 0.015974
2.564103 1.230000 0.012821 0.015769
2.531646 1.230000 0.012658 0.015570
2.500000 1.230000 0.012500 0.015375
2.469136 1.230000 0.012346 0.015185
2.439024 1.230000 0.012195 0.015000
2.409639 1.230000 0.012048 0.014819
2.380952 1.230000 0.011905 0.014643
2.352941 1.230000 0.011765 0.014471
2.325581 1.230000 0.011628 0.014302
2.298851 1.230000 0.011494 0.014138
2.272727 1.230000 0.011364 0.013977
2.247191 1.230000 0.011236 0.013820
2.222222 1.230000 0.011111 0.013667
2.197802 1.230000 0.010989 0.013516
2.173913 1.230000 0.010870 0.013370
2.150538 1.230000 0.010753 0.013226
2.127660 1.230000 0.010638 0.013085
2.105263 1.230000 0.010526 0.012947
2.083333 1.230000 0.010417 0.012812
2.061856 1.230000 0.010309 0.012680
2.040816 1.230000 0.010204 0.012551
2.020202 1.230000 0.010101 0.012424
2.000000 1.230000 0.010000 0.012300
4.000000 1.235000 0.020000 0.024700
3.921569 1.235000 0.019608 0.024216
3.846154 1.235000 0.019231 0.023750
3.773585 1.235000 0.018868 0.023302
3.703704 1.235000 0.018519 0.022870
3.636364 1.235000 0.018182 0.022455
3.571429 1.235000 0.017857 0.022054
3.508772 1.235000 0.017544 0.021667
3.448276 1.235000 0.017241 0.021293
3.389831 1.235000 0.016949 0.020932
3.333333 1.235000 0.016667 0.020583
3.278689 1.235000 0.016393 0.020246
3.225806 1.235000 0.016129 0.019919
3.174603 1.235000 0.015873 0.019603
3.125000 1.235000 0.015625 0.019297
3.076923 1.235000 0.015385 0.019000
3.030303 1.235000 0.015152 0.018712
2.985075 1.235000 0.014925 0.018433
2.941176 1.235000 0.014706 0.018162
2.898551 1.235000 0.014493 0.017899
2.857143 1.235000 0.014286 0.017643
2.816901 1.235000 0.014085 0.017394
2.777778 1.235000 0.013889 0.017153
2.739726 1.235000 0.013699 0.016918
2.702703 1.235000 0.013514 0.016689
2.666667 1.235000 0.013333 0.016467
2.631579 1.235000 0.013158 0.016250
2.597403 1.235000 0.012987 0.016039
2.564103 1.235000 0.012821 0.015833
2.531646 1.235000 0.012658 0.015633
2.500000 1.235000 0.012500 0.015438
2.469136 1.235000 0.012346 0.015247
2.439024 1.235000 0.012195 0.015061
2.409639 1.235000 0.012048 0.014880
2.380952 1.235000 0.011905 0.014702
2.352941 1.235000 0.011765 0.014529
2.325581 1.235000 0.011628 0.014360
2.298851 1.235000 0.011494 0.014195
2.272727 1.235000 0.011364 0.014034
2.247191 1.235000 0.011236 0.013876
2.222222 1.235000 0.011111 0.013722
2.197802 1.235000 0.010989 0.013571
2.173913 1.235000 0.010870 0.013424
2.150538 1.235000 0.010753 0.013280
2.127660 1.235000 0.010638 0.013138
2.105263 1.235000 0.010526 0.013000
2.083333 1.235000 0.010417 0.012865
2.061856 1.235000 0.010309 0.012732
2.040816 1.235000 0.010204 0.012602
2.020202 1.235000 0.010101 0.012475
2.000000 1.235000 0.010000 0.012350
4.000000 1.240000 0.020000 0.024800
3.921569 1.240000 0.019608 0.024314
3.846154 1.240000 0.019231 0.023846
3.773585 1.240000 0.018868 0.023396
3.703704 1.240000 0.018519 0.022963
3.636364 1.240000 0.018182 0.022545
3.571429 1.240000 0.017857 0.022143
3.508772 1.240000 0.017544 0.021754
3.448276 1.240000 0.017241 0.021379
3.389831 1.240000 0.016949 0.021017
3.333333 1.240000 0.016667 0.020667
3.278689 1.240000 0.016393 0.020328
3.225806 1.240000 0.016129 0.020000
3.174603 1.240000 0.015873 0.019683
3.125000 1.240000 0.015625 0.019375
3.076923 1.240000 0.015385 0.019077
3.030303 1.240000 0.015152 0.018788
2.985075 1.240000 0.014925 0.018507
2.941176 1.240000 0.014706 0.018235
2.898551 1.240000 0.014493 0.017971
2.857143 1.240000 0.014286 0.017714
2.816901 1.240000 0.014085 0.017465
2.777778 1.240000 0.013889 0.017222
2.739726 1.240000 0.013699 0.016986
2.702703 1.240000 0.013514 0.016757
2.666667 1.240000 0.013333 0.016533
2.631579 1.240000 0.013158 0.016316
2.597403 1.240000 0.012987 0.016104
2.564103 1.240000 0.012821 0.015897
2.531646 1.240000 0.012658 0.015696
2.500000 1.240000 0.012500 0.015500
2.469136 1.240000 0.012346 0.015309
2.439024 1.240000 0.012195 0.015122
2.409639 1.240000 0.012048 0.014940
2.380952 1.240000 0.011905 0.014762
2.352941 1.240000 0.011765 0.014588
2.325581 1.240000 0.011628 0.014419
2.298851 1.240000 0.011494 0.014253
2.272727 1.240000 0.011364 0.014091
2.247191 1.240000 0.011236 0.013933
2.222222 1.240000 0.011111 0.013778
2.197802 1.240000 0.010989 0.013626
2.173913 1.240000 0.010870 0.013478
2.150538 1.240000 0.010753 0.013333
2.127660 1.240000 0.010638 0.013191
2.105263 1.240000 0.010526 0.013053
2.083333 1.240000 0.010417 0.012917
2.061856 1.240000 0.010309 0.012784
2.040816 1.240000 0.010204 0.012653
2.020202 1.240000 0.010101 0.012525
2.000000 1.240000 0.010000 0.012400
4.000000 1.245000 0.020000 0.024900
3.921569 1.245000 0.019608 0.024412
3.846154 1.245000 0.019231 0.023942
3.773585 1.245000 0.018868 0.023491
3.703704 1.245000 0.018519 0.023056
3.636364 1.245000 0.018182 0.022636
3.571429 1.245000 0.017857 0.022232
3.508772 1.245000 0.017544 0.021842
3.448276 1.245000 0.017241 0.021466
3.389831 1.245000 0.016949 0.021102
3.333333 1.245000 0.016667 0.020750
3.278689 1.245000 0.016393 0.020410
3.225806 1.245000 0.016129 0.020081
3.174603 1.245000 0.015873 0.019762
3.125000 1.245000 0.015625 0.019453
3.076923 1.245000 0.015385 0.019154
3.030303 1.245000 0.015152 0.018864
2.985075 1.245000 0.014925 0.018582
2.941176 1.245000 0.014706 0.018309
2.898551 1.245000 0.014493 0.018043
2.857143 1.245000 0.014286 0.017786
2.816901 1.245000 0.014085 0.017535
2.777778 1.245000 0.013889 0.017292
2.739726 1.245000 0.013699 0.017055
2.702703 1.245000 0.013514 0.016824
2.666667 1.245000 0.013333 0.016600
2.631579 1.245000 0.013158 0.016382
2.597403 1.245000 0.012987 0.016169
2.564103 1.245000 0.012821 0.015962
2.531646 1.245000 0.012658 0.015759
2.500000 1.245000 0.012500 0.015563
2.469136 1.245000 0.012346 0.015370
2.439024 1.245000 0.012195 0.015183
2.409639 1.245000 0.012048 0.015000
2.380952 1.245000 0.011905 0.014821
2.352941 1.245000 0.011765 0.014647
2.325581 1.245000 0.011628 0.014477
2.298851 1.245000 0.011494 0.014310
2.272727 1.245000 0.011364 0.014148
2.247191 1.245000 0.011236 0.013989
2.222222 1.245000 0.011111 0.013833
2.197802 1.245000 0.010989 0.013681
2.173913 1.245000 0.010870 0.013533
2.150538 1.245000 0.010753 0.013387
2.127660 1.245000 0.010638 0.013245
2.105263 1.245000 0.010526 0.013105
2.083333 1.245000 0.010417 0.012969
2.061856 1.245000 0.010309 0.012835
2.040816 1.245000 0.010204 0.012704
2.020202 1.245000 0.010101 0.012576
2.000000 1.245000 0.010000 0.012450
4.000000 1.250000 0.020000 0.025000
3.921569 1.250000 0.019608 0.024510
3.846154 1.250000 0.019231 0.024038
3.773585 1.250000 0.018868 0.023585
3.703704 1.250000 0.018519 0.023148
3.636364 1.250000 0.018182 0.022727
3.571429 1.250000 0.017857 0.022321
3.508772 1.250000 0.017544 0.021930
3.448276 1.250000 0.017241 0.021552
3.389831 1.250000 0.016949 0.021186
3.333333 1.250000 0.016667 0.020833
3.278689 1.250000 0.016393 0.020492
3.225806 1.250000 0.016129 0.020161
3.174603 1.250000 0.015873 0.019841
3.125000 1.250000 0.015625 0.019531
3.076923 1.250000 0.015385 0.019231
3.030303 1.250000 0.015152 0.018939
2.985075 1.250000 0.014925 0.018657
2.941176 1.250000 0.014706 0.018382
2.898551 1.250000 0.014493 0.018116
2.857143 1.250000 0.014286 0.017857
2.816901 1.250000 0.014085 0.017606
2.777778 1.250000 0.013889 0.017361
2.739726 1.250000 0.013699 0.017123
2.702703 1.250000 0.013514 0.016892
2.666667 1.250000 0.013333 0.016667
2.631579 1.250000 0.013158 0.016447
2.597403 1.250000 0.012987 0.016234
2.564103 1.250000 0.012821 0.016026
2.531646 1.250000 0.012658 0.015823
2.500000 1.250000 0.012500 0.015625
2.469136 1.250000 0.012346 0.015432
2.439024 1.250000 0.012195 0.015244
2.409639 1.250000 0.012048 0.015060
2.380952 1.250000 0.011905 0.014881
2.352941 1.250000 0.011765 0.014706
2.325581 1.250000 0.011628 0.014535
2.298851 1.250000 0.011494 0.014368
2.272727 1.250000 0.011364 0.014205
2.247191 1.250000 0.011236 0.014045
2.222222 1.250000 0.011111 0.013889
2.197802 1.250000 0.010989 0.013736
2.173913 1.250000 0.010870 0.013587
2.150538 1.250000 0.010753 0.013441
2.127660 1.250000 0.010638 0.013298
2.105263 1.250000 0.010526 0.013158
2.083333 1.250000 0.010417 0.013021
2.061856 1.250000 0.010309 0.012887
2.040816 1.250000 0.010204 0.012755
2.020202 1.250000 0.010101 0.012626
2.000000 1.250000 0.010000 0.012500
